1.000000 1.000000 0.000455
1.000000 1.000000 0.000909
1.000000 1.000000 0.001364
1.000000 1.000000 0.001818
1.000000 1.000000 0.002273
1.000000 1.000000 0.002727
1.000000 1.000000 0.003182
1.000000 1.000000 0.003636
1.000000 1.000000 0.004091
1.000000 1.000000 0.004545
1.000000 1.000000 0.005000
1.000000 1.000000 0.005455
1.000000 1.000000 0.005909
1.000000 1.000000 0.006364
1.000000 1.000000 0.006818
1.000000 1.000000 0.007273
1.000000 1.000000 0.007727
1.000000 1.000000 0.008182
1.000000 1.000000 0.008636
1.000000 1.000000 0.009091
1.000000 1.000000 0.009545
1.000000 1.000000 0.010000
1.000000 1.000000 0.010455
1.000000 1.000000 0.010909
1.000000 1.000000 0.011364
1.000000 1.000000 0.011818
1.000000 1.000000 0.012273
1.000000 1.000000 0.012727
1.000000 1.000000 0.013182
1.000000 1.000000 0.013636
1.000000 1.000000 0.014091
1.000000 1.000000 0.014545
1.000000 1.000000 0.015000
1.000000 1.000000 0.015455
1.000000 1.000000 0.015909
1.000000 1.000000 0.016364
1.000000 1.000000 0.016818
1.000000 1.000000 0.017273
1.000000 1.000000 0.017727
1.000000 1.000000 0.018182
1.000000 1.000000 0.018636
1.000000 1.000000 0.019091
1.000000 1.000000 0.019545
1.000000 1.000000 0.020000
1.000000 1.000000 0.020455
1.000000 1.000000 0.020909
1.000000 1.000000 0.021364
1.000000 1.000000 0.021818
1.000000 1.000000 0.022273
1.000000 1.000000 0.022727
1.000000 1.000000 0.023182
1.000000 1.000000 0.023636
1.000000 1.000000 0.024091
1.000000 1.000000 0.024545
1.000000 1.000000 0.025000
1.000000 1.000000 0.025455
1.000000 1.000000 0.025909
1.000000 1.000000 0.026364
1.000000 1.000000 0.026818
1.000000 1.000000 0.027273
1.000000 1.000000 0.027727
1.000000 1.000000 0.028182
1.000000 1.000000 0.028636
1.000000 1.000000 0.029091
1.000000 1.000000 0.029545
1.000000 1.000000 0.030000
1.000000 1.000000 0.030455
1.000000 1.000000 0.030909
1.000000 1.000000 0.031364
1.000000 1.000000 0.031818
1.000000 1.000000 0.032273
1.000000 1.000000 0.032727
1.000000 1.000000 0.033182
1.000000 1.000000 0.033636
1.000000 1.000000 0.034091
1.000000 1.000000 0.034545
1.000000 1.000000 0.035000
1.000000 1.000000 0.035455
1.000000 1.000000 0.035909
1.000000 1.000000 0.036364
1.000000 1.000000 0.036818
1.000000 1.000000 0.037273
1.000000 1.000000 0.037727
1.000000 1.000000 0.038182
1.000000 1.000000 0.038636
1.000000 1.000000 0.039091
1.000000 1.000000 0.039545
1.000000 1.000000 0.040000
1.000000 1.000000 0.040455
1.000000 1.000000 0.040909
1.000000 1.000000 0.041364
1.000000 1.000000 0.041818
1.000000 1.000000 0.042273
1.000000 1.000000 0.042727
1.000000 1.000000 0.043182
1.000000 1.000000 0.043636
1.000000 1.000000 0.044091
1.000000 1.000000 0.044545
1.000000 1.000000 0.045000
1.000000 1.000000 0.045455
1.000000 1.000000 0.045909
1.000000 1.000000 0.046364
1.000000 1.000000 0.046818
1.000000 1.000000 0.047273
1.000000 1.000000 0.047727
1.000000 1.000000 0.048182
1.000000 1.000000 0.048636
1.000000 1.000000 0.049091
1.000000 1.000000 0.049545
1.000000 1.000000 0.050000
1.000000 1.000000 0.050455
1.000000 1.000000 0.050909
1.000000 1.000000 0.051364
1.000000 1.000000 0.051818
1.000000 1.000000 0.052273
1.000000 1.000000 0.052727
1.000000 1.000000 0.053182
1.000000 1.000000 0.053636
1.000000 1.000000 0.054091
1.000000 1.000000 0.054545
1.000000 1.000000 0.055000
1.000000 1.000000 0.055455
1.000000 1.000000 0.055909
1.000000 1.000000 0.056364
1.000000 1.000000 0.056818
1.000000 1.000000 0.057273
1.000000 1.000000 0.057727
1.000000 1.000000 0.058182
1.000000 1.000000 0.058636
1.000000 1.000000 0.059091
1.000000 1.000000 0.059545
1.000000 1.000000 0.060000
1.000000 1.000000 0.060455
1.000000 1.000000 0.060909
1.000000 1.000000 0.061364
1.000000 1.000000 0.061818
1.000000 1.000000 0.062273
1.000000 1.000000 0.062727
1.000000 1.000000 0.063182
1.000000 1.000000 0.063636
1.000000 1.000000 0.064091
1.000000 1.000000 0.064545
1.000000 1.000000 0.065000
1.000000 1.000000 0.065455
1.000000 1.000000 0.065909
1.000000 1.000000 0.066364
1.000000 1.000000 0.066818
1.000000 1.000000 0.067273
1.000000 1.000000 0.067727
1.000000 1.000000 0.068182
1.000000 1.000000 0.068636
1.000000 1.000000 0.069091
1.000000 1.000000 0.069545
1.000000 1.000000 0.070000
1.000000 1.000000 0.070455
1.000000 1.000000 0.070909
1.000000 1.000000 0.071364
1.000000 1.000000 0.071818
1.000000 1.000000 0.072273
1.000000 1.000000 0.072727
1.000000 1.000000 0.073182
1.000000 1.000000 0.073636
1.000000 1.000000 0.074091
1.000000 1.000000 0.074545
1.000000 1.000000 0.075000
1.000000 1.000000 0.075455
1.000000 1.000000 0.075909
1.000000 1.000000 0.076364
1.000000 1.000000 0.076818
1.000000 1.000000 0.077273
1.000000 1.000000 0.077727
1.000000 1.000000 0.078182
1.000000 1.000000 0.078636
1.000000 1.000000 0.079091
1.000000 1.000000 0.079545
1.000000 1.000000 0.080000
1.000000 1.000000 0.080455
1.000000 1.000000 0.080909
1.000000 1.000000 0.081364
1.000000 1.000000 0.081818
1.000000 1.000000 0.082273
1.000000 1.000000 0.082727
1.000000 1.000000 0.083182
1.000000 1.000000 0.083636
1.000000 1.000000 0.084091
1.000000 1.000000 0.084545
1.000000 1.000000 0.085000
1.000000 1.000000 0.085455
1.000000 1.000000 0.085909
1.000000 1.000000 0.086364
1.000000 1.000000 0.086818
1.000000 1.000000 0.087273
1.000000 1.000000 0.087727
1.000000 1.000000 0.088182
1.000000 1.000000 0.088636
1.000000 1.000000 0.089091
1.000000 1.000000 0.089545
1.000000 1.000000 0.090000
1.000000 1.000000 0.090455
1.000000 1.000000 0.090909
1.000000 1.000000 0.091364
1.000000 1.000000 0.091818
1.000000 1.000000 0.092273
1.000000 1.000000 0.092727
1.000000 1.000000 0.093182
1.000000 1.000000 0.093636
1.000000 1.000000 0.094091
1.000000 1.000000 0.094545
1.000000 1.000000 0.095000
1.000000 1.000000 0.095455
1.000000 1.000000 0.095909
1.000000 1.000000 0.096364
1.000000 1.000000 0.096818
1.000000 1.000000 0.097273
1.000000 1.000000 0.097727
1.000000 1.000000 0.098182
1.000000 1.000000 0.098636
1.000000 1.000000 0.099091
1.000000 1.000000 0.099545
1.000000 1.000000 0.100000
1.000000 1.000000 0.100455
1.000000 1.000000 0.100909
1.000000 1.000000 0.101364
1.000000 1.000000 0.101818
1.000000 1.000000 0.102273
1.000000 1.000000 0.102727
1.000000 1.000000 0.103182
1.000000 1.000000 0.103636
1.000000 1.000000 0.104091
1.000000 1.000000 0.104545
1.000000 1.000000 0.105000
1.000000 1.000000 0.105455
1.000000 1.000000 0.105909
1.000000 1.000000 0.106364
1.000000 1.000000 0.106818
1.000000 1.000000 0.107273
1.000000 1.000000 0.107727
1.000000 1.000000 0.108182
1.000000 1.000000 0.108636
1.000000 1.000000 0.109091
1.000000 1.000000 0.109545
1.000000 1.000000 0.110000
1.000000 1.000000 0.110455
1.000000 1.000000 0.110909
1.000000 1.000000 0.111364
1.000000 1.000000 0.111818
1.000000 1.000000 0.112273
1.000000 1.000000 0.112727
1.000000 1.000000 0.113182
1.000000 1.000000 0.113636
1.000000 1.000000 0.114091
1.000000 1.000000 0.114545
1.000000 1.000000 0.115000
1.000000 1.000000 0.115455
1.000000 1.000000 0.115909
1.000000 1.000000 0.116364
1.000000 1.000000 0.116818
1.000000 1.000000 0.117273
1.000000 1.000000 0.117727
1.000000 1.000000 0.118182
1.000000 1.000000 0.118636
1.000000 1.000000 0.119091
1.000000 1.000000 0.119545
1.000000 1.000000 0.120000
1.000000 1.000000 0.120455
1.000000 1.000000 0.120909
1.000000 1.000000 0.121364
1.000000 1.000000 0.121818
1.000000 1.000000 0.122273
1.000000 1.000000 0.122727
1.000000 1.000000 0.123182
1.000000 1.000000 0.123636
1.000000 1.000000 0.124091
1.000000 1.000000 0.124545
1.000000 1.000000 0.125000
1.000000 1.000000 0.125455
1.000000 1.000000 0.125909
1.000000 1.000000 0.126364
1.000000 1.000000 0.126818
1.000000 1.000000 0.127273
1.000000 1.000000 0.127727
1.000000 1.000000 0.128182
1.000000 1.000000 0.128636
1.000000 1.000000 0.129091
1.000000 1.000000 0.129545
1.000000 1.000000 0.130000
1.000000 1.000000 0.130455
1.000000 1.000000 0.130909
1.000000 1.000000 0.131364
1.000000 1.000000 0.131818
1.000000 1.000000 0.132273
1.000000 1.000000 0.132727
1.000000 1.000000 0.133182
1.000000 1.000000 0.133636
1.000000 1.000000 0.134091
1.000000 1.000000 0.134545
1.000000 1.000000 0.135000
1.000000 1.000000 0.135455
1.000000 1.000000 0.135909
1.000000 1.000000 0.136364
1.000000 1.000000 0.136818
1.000000 1.000000 0.137273
1.000000 1.000000 0.137727
1.000000 1.000000 0.138182
1.000000 1.000000 0.138636
1.000000 1.000000 0.139091
1.000000 1.000000 0.139545
1.000000 1.000000 0.140000
1.000000 1.000000 0.140455
1.000000 1.000000 0.140909
1.000000 1.000000 0.141364
1.000000 1.000000 0.141818
1.000000 1.000000 0.142273
1.000000 1.000000 0.142727
1.000000 1.000000 0.143182
1.000000 1.000000 0.143636
1.000000 1.000000 0.144091
1.000000 1.000000 0.144545
1.000000 1.000000 0.145000
1.000000 1.000000 0.145455
1.000000 1.000000 0.145909
1.000000 1.000000 0.146364
1.000000 1.000000 0.146818
1.000000 1.000000 0.147273
1.000000 1.000000 0.147727
1.000000 1.000000 0.148182
1.000000 1.000000 0.148636
1.000000 1.000000 0.149091
1.000000 1.000000 0.149545
1.000000 1.000000 0.150000
1.000000 1.000000 0.150455
1.000000 1.000000 0.150909
1.000000 1.000000 0.151364
1.000000 1.000000 0.151818
1.000000 1.000000 0.152273
1.000000 1.000000 0.152727
1.000000 1.000000 0.153182
1.000000 1.000000 0.153636
1.000000 1.000000 0.154091
1.000000 1.000000 0.154545
1.000000 1.000000 0.155000
1.000000 1.000000 0.155455
1.000000 1.000000 0.155909
1.000000 1.000000 0.156364
1.000000 1.000000 0.156818
1.000000 1.000000 0.157273
1.000000 1.000000 0.157727
1.000000 1.000000 0.158182
1.000000 1.000000 0.158636
1.000000 1.000000 0.159091
1.000000 1.000000 0.159545
1.000000 1.000000 0.160000
1.000000 1.000000 0.160455
1.000000 1.000000 0.160909
1.000000 1.000000 0.161364
1.000000 1.000000 0.161818
1.000000 1.000000 0.162273
1.000000 1.000000 0.162727
1.000000 1.000000 0.163182
1.000000 1.000000 0.163636
1.000000 1.000000 0.164091
1.000000 1.000000 0.164545
1.000000 1.000000 0.165000
1.000000 1.000000 0.165455
1.000000 1.000000 0.165909
1.000000 1.000000 0.166364
1.000000 1.000000 0.166818
1.000000 1.000000 0.167273
1.000000 1.000000 0.167727
1.000000 1.000000 0.168182
1.000000 1.000000 0.168636
1.000000 1.000000 0.169091
1.000000 1.000000 0.169545
1.000000 1.000000 0.170000
1.000000 1.000000 0.170455
1.000000 1.000000 0.170909
1.000000 1.000000 0.171364
1.000000 1.000000 0.171818
1.000000 1.000000 0.172273
1.000000 1.000000 0.172727
1.000000 1.000000 0.173182
1.000000 1.000000 0.173636
1.000000 1.000000 0.174091
1.000000 1.000000 0.174545
1.000000 1.000000 0.175000
1.000000 1.000000 0.175455
1.000000 1.000000 0.175909
1.000000 1.000000 0.176364
1.000000 1.000000 0.176818
1.000000 1.000000 0.177273
1.000000 1.000000 0.177727
1.000000 1.000000 0.178182
1.000000 1.000000 0.178636
1.000000 1.000000 0.179091
1.000000 1.000000 0.179545
1.000000 1.000000 0.180000
1.000000 1.000000 0.180455
1.000000 1.000000 0.180909
1.000000 1.000000 0.181364
1.000000 1.000000 0.181818
1.000000 1.000000 0.182273
1.000000 1.000000 0.182727
1.000000 1.000000 0.183182
1.000000 1.000000 0.183636
1.000000 1.000000 0.184091
1.000000 1.000000 0.184545
1.000000 1.000000 0.185000
1.000000 1.000000 0.185455
1.000000 1.000000 0.185909
1.000000 1.000000 0.186364
1.000000 1.000000 0.186818
1.000000 1.000000 0.187273
1.000000 1.000000 0.187727
1.000000 1.000000 0.188182
1.000000 1.000000 0.188636
1.000000 1.000000 0.189091
1.000000 1.000000 0.189545
1.000000 1.000000 0.190000
1.000000 1.000000 0.190455
1.000000 1.000000 0.190909
1.000000 1.000000 0.191364
1.000000 1.000000 0.191818
1.000000 1.000000 0.192273
1.000000 1.000000 0.192727
1.000000 1.000000 0.193182
1.000000 1.000000 0.193636
1.000000 1.000000 0.194091
1.000000 1.000000 0.194545
1.000000 1.000000 0.195000
1.000000 1.000000 0.195455
1.000000 1.000000 0.195909
1.000000 1.000000 0.196364
1.000000 1.000000 0.196818
1.000000 1.000000 0.197273
1.000000 1.000000 0.197727
1.000000 1.000000 0.198182
1.000000 1.000000 0.198636
1.000000 1.000000 0.199091
1.000000 1.000000 0.199545
1.000000 1.000000 0.200000
1.000000 1.000000 0.200455
1.000000 1.000000 0.200909
1.000000 1.000000 0.201364
1.000000 1.000000 0.201818
1.000000 1.000000 0.202273
1.000000 1.000000 0.202727
1.000000 1.000000 0.203182
1.000000 1.000000 0.203636
1.000000 1.000000 0.204091
1.000000 1.000000 0.204545
1.000000 1.000000 0.205000
1.000000 1.000000 0.205455
1.000000 1.000000 0.205909
1.000000 1.000000 0.206364
1.000000 1.000000 0.206818
1.000000 1.000000 0.207273
1.000000 1.000000 0.207727
1.000000 1.000000 0.208182
1.000000 1.000000 0.208636
1.000000 1.000000 0.209091
1.000000 1.000000 0.209545
1.000000 1.000000 0.210000
1.000000 1.000000 0.210455
1.000000 1.000000 0.210909
1.000000 1.000000 0.211364
1.000000 1.000000 0.211818
1.000000 1.000000 0.212273
1.000000 1.000000 0.212727
1.000000 1.000000 0.213182
1.000000 1.000000 0.213636
1.000000 1.000000 0.214091
1.000000 1.000000 0.214545
1.000000 1.000000 0.215000
1.000000 1.000000 0.215455
1.000000 1.000000 0.215909
1.000000 1.000000 0.216364
1.000000 1.000000 0.216818
1.000000 1.000000 0.217273
1.000000 1.000000 0.217727
1.000000 1.000000 0.218182
1.000000 1.000000 0.218636
1.000000 1.000000 0.219091
1.000000 1.000000 0.219545
1.000000 1.000000 0.220000
1.000000 1.000000 0.220455
1.000000 1.000000 0.220909
1.000000 1.000000 0.221364
1.000000 1.000000 0.221818
1.000000 1.000000 0.222273
1.000000 1.000000 0.222727
1.000000 1.000000 0.223182
1.000000 1.000000 0.223636
1.000000 1.000000 0.224091
1.000000 1.000000 0.224545
1.000000 1.000000 0.225000
1.000000 1.000000 0.225455
1.000000 1.000000 0.225909
1.000000 1.000000 0.226364
1.000000 1.000000 0.226818
1.000000 1.000000 0.227273
1.000000 1.000000 0.227727
1.000000 1.000000 0.228182
1.000000 1.000000 0.228636
1.000000 1.000000 0.229091
1.000000 1.000000 0.229545
1.000000 1.000000 0.230000
1.000000 1.000000 0.230455
1.000000 1.000000 0.230909
1.000000 1.000000 0.231364
1.000000 1.000000 0.231818
1.000000 1.000000 0.232273
1.000000 1.000000 0.232727
1.000000 1.000000 0.233182
1.000000 1.000000 0.233636
1.000000 1.000000 0.234091
1.000000 1.000000 0.234545
1.000000 1.000000 0.235000
1.000000 1.000000 0.235455
1.000000 1.000000 0.235909
1.000000 1.000000 0.236364
1.000000 1.000000 0.236818
1.000000 1.000000 0.237273
1.000000 1.000000 0.237727
1.000000 1.000000 0.238182
1.000000 1.000000 0.238636
1.000000 1.000000 0.239091
1.000000 1.000000 0.239545
1.000000 1.000000 0.240000
1.000000 1.000000 0.240455
1.000000 1.000000 0.240909
1.000000 1.000000 0.241364
1.000000 1.000000 0.241818
1.000000 1.000000 0.242273
1.000000 1.000000 0.242727
1.000000 1.000000 0.243182
1.000000 1.000000 0.243636
1.000000 1.000000 0.244091
1.000000 1.000000 0.244545
1.000000 1.000000 0.245000
1.000000 1.000000 0.245455
1.000000 1.000000 0.245909
1.000000 1.000000 0.246364
1.000000 1.000000 0.246818
1.000000 1.000000 0.247273
1.000000 1.000000 0.247727
1.000000 1.000000 0.248182
1.000000 1.000000 0.248636
1.000000 1.000000 0.249091
1.000000 1.000000 0.249545
0.999999 1.000000 0.250000
0.999999 1.000000 0.250455
0.999999 1.000000 0.250909
0.999999 1.000000 0.251364
0.999999 1.000000 0.251818
0.999999 1.000000 0.252273
0.999999 1.000000 0.252727
0.999999 1.000000 0.253182
0.999999 1.000000 0.253636
0.999999 1.000000 0.254091
0.999999 1.000000 0.254545
0.999999 1.000000 0.255000
0.999999 1.000000 0.255455
0.999999 1.000000 0.255909
0.999999 1.000000 0.256364
0.999999 1.000000 0.256818
0.999999 1.000000 0.257273
0.999999 1.000000 0.257727
0.999999 1.000000 0.258182
0.999999 1.000000 0.258636
0.999999 1.000000 0.259091
0.999999 1.000000 0.259545
0.999999 1.000000 0.260000
0.999999 1.000000 0.260455
0.999999 1.000000 0.260909
0.999999 1.000000 0.261364
0.999999 1.000000 0.261818
0.999999 1.000000 0.262273
0.999999 1.000000 0.262727
0.999999 1.000000 0.263182
0.999999 1.000000 0.263636
0.999999 1.000000 0.264091
0.999999 1.000000 0.264545
0.999999 1.000000 0.265000
0.999999 1.000000 0.265455
0.999999 1.000000 0.265909
0.999999 1.000000 0.266364
0.999999 1.000000 0.266818
0.999999 1.000000 0.267273
0.999999 1.000000 0.267727
0.999999 1.000000 0.268182
0.999999 1.000000 0.268636
0.999999 1.000000 0.269091
0.999999 1.000000 0.269545
0.999999 1.000000 0.270000
0.999999 1.000000 0.270455
0.999999 1.000000 0.270909
0.999999 1.000000 0.271364
0.999999 1.000000 0.271818
0.999999 1.000000 0.272273
0.999999 1.000000 0.272727
0.999999 1.000000 0.273182
0.999999 1.000000 0.273636
0.999999 1.000000 0.274091
0.999999 1.000000 0.274545
0.999999 1.000000 0.275000
0.999999 1.000000 0.275455
0.999999 1.000000 0.275909
0.999999 1.000000 0.276364
0.999999 1.000000 0.276818
0.999999 1.000000 0.277273
0.999999 1.000000 0.277727
0.999999 1.000000 0.278182
0.999999 1.000000 0.278636
0.999999 1.000000 0.279091
0.999999 1.000000 0.279545
0.999999 1.000000 0.280000
0.999999 1.000000 0.280455
0.999999 1.000000 0.280909
0.999999 1.000000 0.281364
0.999999 1.000000 0.281818
0.999999 1.000000 0.282273
0.999998 1.000000 0.282727
0.999998 1.000000 0.283182
0.999998 1.000000 0.283636
0.999998 1.000000 0.284091
0.999998 1.000000 0.284545
0.999998 1.000000 0.285000
0.999998 1.000000 0.285455
0.999998 1.000000 0.285909
0.999998 1.000000 0.286364
0.999998 1.000000 0.286818
0.999998 1.000000 0.287273
0.999998 1.000000 0.287727
0.999998 1.000000 0.288182
0.999998 1.000000 0.288636
0.999998 1.000000 0.289091
0.999998 1.000000 0.289545
0.999998 1.000000 0.290000
0.999998 1.000000 0.290455
0.999998 1.000000 0.290909
0.999998 1.000000 0.291364
0.999998 1.000000 0.291818
0.999998 1.000000 0.292273
0.999998 1.000000 0.292727
0.999998 1.000000 0.293182
0.999998 1.000000 0.293636
0.999998 1.000000 0.294091
0.999998 1.000000 0.294545
0.999998 1.000000 0.295000
0.999998 1.000000 0.295455
0.999998 1.000000 0.295909
0.999998 1.000000 0.296364
0.999998 1.000000 0.296818
0.999997 1.000000 0.297273
0.999997 1.000000 0.297727
0.999997 1.000000 0.298182
0.999997 1.000000 0.298636
0.999997 1.000000 0.299091
0.999997 1.000000 0.299545
0.999997 1.000000 0.300000
0.999997 1.000000 0.300455
0.999997 1.000000 0.300909
0.999997 1.000000 0.301364
0.999997 1.000000 0.301818
0.999997 1.000000 0.302273
0.999997 1.000000 0.302727
0.999997 1.000000 0.303182
0.999997 1.000000 0.303636
0.999997 1.000000 0.304091
0.999997 1.000000 0.304545
0.999997 1.000000 0.305000
0.999997 1.000000 0.305455
0.999997 1.000000 0.305909
0.999997 1.000000 0.306364
0.999997 1.000000 0.306818
0.999997 1.000000 0.307273
0.999997 1.000000 0.307727
0.999997 1.000000 0.308182
0.999997 1.000000 0.308636
0.999997 1.000000 0.309091
0.999996 1.000000 0.309545
0.999996 1.000000 0.310000
0.999996 1.000000 0.310455
0.999996 1.000000 0.310909
0.999996 1.000000 0.311364
0.999996 1.000000 0.311818
0.999996 1.000000 0.312273
0.999996 1.000000 0.312727
0.999996 1.000000 0.313182
0.999996 1.000000 0.313636
0.999996 1.000000 0.314091
0.999995 1.000000 0.314545
0.999995 1.000000 0.315000
0.999995 1.000000 0.315455
0.999995 1.000000 0.315909
0.999995 1.000000 0.316364
0.999995 1.000000 0.316818
0.999995 1.000000 0.317273
0.999995 1.000000 0.317727
0.999995 1.000000 0.318182
0.999995 1.000000 0.318636
0.999995 1.000000 0.319091
0.999994 1.000000 0.319545
0.999994 1.000000 0.320000
0.999994 1.000000 0.320455
0.999994 1.000000 0.320909
0.999994 1.000000 0.321364
0.999993 1.000000 0.321818
0.999993 1.000000 0.322273
0.999993 1.000000 0.322727
0.999993 1.000000 0.323182
0.999993 1.000000 0.323636
0.999993 1.000000 0.324091
0.999993 1.000000 0.324545
0.999993 1.000000 0.325000
0.999992 1.000000 0.325455
0.999992 1.000000 0.325909
0.999992 1.000000 0.326364
0.999992 1.000000 0.326818
0.999992 1.000000 0.327273
0.999992 1.000000 0.327727
0.999992 1.000000 0.328182
0.999992 1.000000 0.328636
0.999992 1.000000 0.329091
0.999991 1.000000 0.329545
0.999991 1.000000 0.330000
0.999990 1.000000 0.330455
0.999990 1.000000 0.330909
0.999990 1.000000 0.331364
0.999990 1.000000 0.331818
0.999990 1.000000 0.332273
0.999990 1.000000 0.332727
0.999990 1.000000 0.333182
0.999990 1.000000 0.333636
0.999990 1.000000 0.334091
0.999989 1.000000 0.334545
0.999989 1.000000 0.335000
0.999989 1.000000 0.335455
0.999989 1.000000 0.335909
0.999989 1.000000 0.336364
0.999989 1.000000 0.336818
0.999989 1.000000 0.337273
0.999988 1.000000 0.337727
0.999988 1.000000 0.338182
0.999988 1.000000 0.338636
0.999988 1.000000 0.339091
0.999988 1.000000 0.339545
0.999988 1.000000 0.340000
0.999987 1.000000 0.340455
0.999987 1.000000 0.340909
0.999987 1.000000 0.341364
0.999987 1.000000 0.341818
0.999987 1.000000 0.342273
0.999987 1.000000 0.342727
0.999987 1.000000 0.343182
0.999987 1.000000 0.343636
0.999986 1.000000 0.344091
0.999986 1.000000 0.344545
0.999986 1.000000 0.345000
0.999986 1.000000 0.345455
0.999986 1.000000 0.345909
0.999985 1.000000 0.346364
0.999985 1.000000 0.346818
0.999985 1.000000 0.347273
0.999985 1.000000 0.347727
0.999984 1.000000 0.348182
0.999984 1.000000 0.348636
0.999984 1.000000 0.349091
0.999984 1.000000 0.349545
0.999984 1.000000 0.350000
0.999983 1.000000 0.350455
0.999983 1.000000 0.350909
0.999983 1.000000 0.351364
0.999983 1.000000 0.351818
0.999983 1.000000 0.352273
0.999983 1.000000 0.352727
0.999983 1.000000 0.353182
0.999982 1.000000 0.353636
0.999981 1.000000 0.354091
0.999981 1.000000 0.354545
0.999981 1.000000 0.355000
0.999981 1.000000 0.355455
0.999980 1.000000 0.355909
0.999980 1.000000 0.356364
0.999980 1.000000 0.356818
0.999980 1.000000 0.357273
0.999978 1.000000 0.357727
0.999978 1.000000 0.358182
0.999977 1.000000 0.358636
0.999977 1.000000 0.359091
0.999977 1.000000 0.359545
0.999975 1.000000 0.360000
0.999974 1.000000 0.360455
0.999974 1.000000 0.360909
0.999973 1.000000 0.361364
0.999973 1.000000 0.361818
0.999973 1.000000 0.362273
0.999972 1.000000 0.362727
0.999972 1.000000 0.363182
0.999972 1.000000 0.363636
0.999971 1.000000 0.364091
0.999971 1.000000 0.364545
0.999969 1.000000 0.365000
0.999969 1.000000 0.365455
0.999969 1.000000 0.365909
0.999968 1.000000 0.366364
0.999968 1.000000 0.366818
0.999968 1.000000 0.367273
0.999968 1.000000 0.367727
0.999967 1.000000 0.368182
0.999967 1.000000 0.368636
0.999966 1.000000 0.369091
0.999966 1.000000 0.369545
0.999966 1.000000 0.370000
0.999966 1.000000 0.370455
0.999965 1.000000 0.370909
0.999965 1.000000 0.371364
0.999965 1.000000 0.371818
0.999963 1.000000 0.372273
0.999963 1.000000 0.372727
0.999963 1.000000 0.373182
0.999962 1.000000 0.373636
0.999961 1.000000 0.374091
0.999961 1.000000 0.374545
0.999961 1.000000 0.375000
0.999961 1.000000 0.375455
0.999960 1.000000 0.375909
0.999960 1.000000 0.376364
0.999958 1.000000 0.376818
0.999958 1.000000 0.377273
0.999958 1.000000 0.377727
0.999957 1.000000 0.378182
0.999956 1.000000 0.378636
0.999955 1.000000 0.379091
0.999955 1.000000 0.379545
0.999955 1.000000 0.380000
0.999953 1.000000 0.380455
0.999953 1.000000 0.380909
0.999952 1.000000 0.381364
0.999951 1.000000 0.381818
0.999950 1.000000 0.382273
0.999949 1.000000 0.382727
0.999949 1.000000 0.383182
0.999947 1.000000 0.383636
0.999946 1.000000 0.384091
0.999946 1.000000 0.384545
0.999946 1.000000 0.385000
0.999945 1.000000 0.385455
0.999945 1.000000 0.385909
0.999945 1.000000 0.386364
0.999944 1.000000 0.386818
0.999944 1.000000 0.387273
0.999944 1.000000 0.387727
0.999944 1.000000 0.388182
0.999942 1.000000 0.388636
0.999941 1.000000 0.389091
0.999941 1.000000 0.389545
0.999940 1.000000 0.390000
0.999939 1.000000 0.390455
0.999939 1.000000 0.390909
0.999939 1.000000 0.391364
0.999938 1.000000 0.391818
0.999937 1.000000 0.392273
0.999936 1.000000 0.392727
0.999936 1.000000 0.393182
0.999936 1.000000 0.393636
0.999933 1.000000 0.394091
0.999933 1.000000 0.394545
0.999932 1.000000 0.395000
0.999931 1.000000 0.395455
0.999931 1.000000 0.395909
0.999928 1.000000 0.396364
0.999926 1.000000 0.396818
0.999925 1.000000 0.397273
0.999924 1.000000 0.397727
0.999924 1.000000 0.398182
0.999920 1.000000 0.398636
0.999917 1.000000 0.399091
0.999916 1.000000 0.399545
0.999915 1.000000 0.400000
0.999913 1.000000 0.400455
0.999910 1.000000 0.400909
0.999910 1.000000 0.401364
0.999909 1.000000 0.401818
0.999909 1.000000 0.402273
0.999908 1.000000 0.402727
0.999908 1.000000 0.403182
0.999908 1.000000 0.403636
0.999907 1.000000 0.404091
0.999907 1.000000 0.404545
0.999906 1.000000 0.405000
0.999904 1.000000 0.405455
0.999903 1.000000 0.405909
0.999902 1.000000 0.406364
0.999902 1.000000 0.406818
0.999901 1.000000 0.407273
0.999901 1.000000 0.407727
0.999901 1.000000 0.408182
0.999898 1.000000 0.408636
0.999898 1.000000 0.409091
0.999897 1.000000 0.409545
0.999895 1.000000 0.410000
0.999894 1.000000 0.410455
0.999890 1.000000 0.410909
0.999890 1.000000 0.411364
0.999889 1.000000 0.411818
0.999887 1.000000 0.412273
0.999884 1.000000 0.412727
0.999884 1.000000 0.413182
0.999883 1.000000 0.413636
0.999883 1.000000 0.414091
0.999882 1.000000 0.414545
0.999880 1.000000 0.415000
0.999880 1.000000 0.415455
0.999880 1.000000 0.415909
0.999880 1.000000 0.416364
0.999879 1.000000 0.416818
0.999878 1.000000 0.417273
0.999878 1.000000 0.417727
0.999877 1.000000 0.418182
0.999877 1.000000 0.418636
0.999876 1.000000 0.419091
0.999876 1.000000 0.419545
0.999876 1.000000 0.420000
0.999869 1.000000 0.420455
0.999868 1.000000 0.420909
0.999865 1.000000 0.421364
0.999864 1.000000 0.421818
0.999863 1.000000 0.422273
0.999863 1.000000 0.422727
0.999861 1.000000 0.423182
0.999861 1.000000 0.423636
0.999861 1.000000 0.424091
0.999861 1.000000 0.424545
0.999861 1.000000 0.425000
0.999860 1.000000 0.425455
0.999857 1.000000 0.425909
0.999857 1.000000 0.426364
0.999853 1.000000 0.426818
0.999853 1.000000 0.427273
0.999853 1.000000 0.427727
0.999850 1.000000 0.428182
0.999849 1.000000 0.428636
0.999849 1.000000 0.429091
0.999849 1.000000 0.429545
0.999844 1.000000 0.430000
0.999844 1.000000 0.430455
0.999844 1.000000 0.430909
0.999843 1.000000 0.431364
0.999840 1.000000 0.431818
0.999840 1.000000 0.432273
0.999839 1.000000 0.432727
0.999838 1.000000 0.433182
0.999837 1.000000 0.433636
0.999837 1.000000 0.434091
0.999835 1.000000 0.434545
0.999834 1.000000 0.435000
0.999833 1.000000 0.435455
0.999832 1.000000 0.435909
0.999832 1.000000 0.436364
0.999828 1.000000 0.436818
0.999828 1.000000 0.437273
0.999827 1.000000 0.437727
0.999827 1.000000 0.438182
0.999826 1.000000 0.438636
0.999825 1.000000 0.439091
0.999823 1.000000 0.439545
0.999822 1.000000 0.440000
0.999822 1.000000 0.440455
0.999822 1.000000 0.440909
0.999821 1.000000 0.441364
0.999820 1.000000 0.441818
0.999820 1.000000 0.442273
0.999818 1.000000 0.442727
0.999816 1.000000 0.443182
0.999815 1.000000 0.443636
0.999811 1.000000 0.444091
0.999809 1.000000 0.444545
0.999806 1.000000 0.445000
0.999803 1.000000 0.445455
0.999801 1.000000 0.445909
0.999798 1.000000 0.446364
0.999797 1.000000 0.446818
0.999797 1.000000 0.447273
0.999793 1.000000 0.447727
0.999790 1.000000 0.448182
0.999790 1.000000 0.448636
0.999788 1.000000 0.449091
0.999785 1.000000 0.449545
0.999781 1.000000 0.450000
0.999781 1.000000 0.450455
0.999780 1.000000 0.450909
0.999779 1.000000 0.451364
0.999776 1.000000 0.451818
0.999770 1.000000 0.452273
0.999768 1.000000 0.452727
0.999768 1.000000 0.453182
0.999766 1.000000 0.453636
0.999765 1.000000 0.454091
0.999765 1.000000 0.454545
0.999762 1.000000 0.455000
0.999762 1.000000 0.455455
0.999762 1.000000 0.455909
0.999761 1.000000 0.456364
0.999760 1.000000 0.456818
0.999759 1.000000 0.457273
0.999759 1.000000 0.457727
0.999756 1.000000 0.458182
0.999755 1.000000 0.458636
0.999754 1.000000 0.459091
0.999753 1.000000 0.459545
0.999753 1.000000 0.460000
0.999746 1.000000 0.460455
0.999743 1.000000 0.460909
0.999743 1.000000 0.461364
0.999741 1.000000 0.461818
0.999738 1.000000 0.462273
0.999736 1.000000 0.462727
0.999735 1.000000 0.463182
0.999725 1.000000 0.463636
0.999723 1.000000 0.464091
0.999722 1.000000 0.464545
0.999722 1.000000 0.465000
0.999720 1.000000 0.465455
0.999716 1.000000 0.465909
0.999713 1.000000 0.466364
0.999710 1.000000 0.466818
0.999709 1.000000 0.467273
0.999709 1.000000 0.467727
0.999705 1.000000 0.468182
0.999705 1.000000 0.468636
0.999703 1.000000 0.469091
0.999701 1.000000 0.469545
0.999699 1.000000 0.470000
0.999699 1.000000 0.470455
0.999698 1.000000 0.470909
0.999698 1.000000 0.471364
0.999697 1.000000 0.471818
0.999689 1.000000 0.472273
0.999688 1.000000 0.472727
0.999686 1.000000 0.473182
0.999683 1.000000 0.473636
0.999682 1.000000 0.474091
0.999681 1.000000 0.474545
0.999680 1.000000 0.475000
0.999676 1.000000 0.475455
0.999671 1.000000 0.475909
0.999667 1.000000 0.476364
0.999666 1.000000 0.476818
0.999663 1.000000 0.477273
0.999659 1.000000 0.477727
0.999656 1.000000 0.478182
0.999648 1.000000 0.478636
0.999648 1.000000 0.479091
0.999645 1.000000 0.479545
0.999644 1.000000 0.480000
0.999643 1.000000 0.480455
0.999642 1.000000 0.480909
0.999630 1.000000 0.481364
0.999628 1.000000 0.481818
0.999623 1.000000 0.482273
0.999617 1.000000 0.482727
0.999603 1.000000 0.483182
0.999596 1.000000 0.483636
0.999594 1.000000 0.484091
0.999592 1.000000 0.484545
0.999577 1.000000 0.485000
0.999576 1.000000 0.485455
0.999571 1.000000 0.485909
0.999569 1.000000 0.486364
0.999568 1.000000 0.486818
0.999566 1.000000 0.487273
0.999556 1.000000 0.487727
0.999536 1.000000 0.488182
0.999532 1.000000 0.488636
0.999532 1.000000 0.489091
0.999526 1.000000 0.489545
0.999525 1.000000 0.490000
0.999519 1.000000 0.490455
0.999511 1.000000 0.490909
0.999511 1.000000 0.491364
0.999507 1.000000 0.491818
0.999505 1.000000 0.492273
0.999505 1.000000 0.492727
0.999504 1.000000 0.493182
0.999496 1.000000 0.493636
0.999496 1.000000 0.494091
0.999493 1.000000 0.494545
0.999493 1.000000 0.495000
0.999491 1.000000 0.495455
0.999485 1.000000 0.495909
0.999478 1.000000 0.496364
0.999468 1.000000 0.496818
0.999458 1.000000 0.497273
0.999450 1.000000 0.497727
0.999448 1.000000 0.498182
0.999448 1.000000 0.498636
0.999446 1.000000 0.499091
0.999441 1.000000 0.499545
0.999437 1.000000 0.500000
0.999435 1.000000 0.500455
0.999433 1.000000 0.500909
0.999433 1.000000 0.501364
0.999428 1.000000 0.501818
0.999425 1.000000 0.502273
0.999421 1.000000 0.502727
0.999417 1.000000 0.503182
0.999413 1.000000 0.503636
0.999411 1.000000 0.504091
0.999408 1.000000 0.504545
0.999405 1.000000 0.505000
0.999405 1.000000 0.505455
0.999405 1.000000 0.505909
0.999399 1.000000 0.506364
0.999396 1.000000 0.506818
0.999374 1.000000 0.507273
0.999350 1.000000 0.507727
0.999337 1.000000 0.508182
0.999324 1.000000 0.508636
0.999322 1.000000 0.509091
0.999319 1.000000 0.509545
0.999318 1.000000 0.510000
0.999317 1.000000 0.510455
0.999311 1.000000 0.510909
0.999307 1.000000 0.511364
0.999302 1.000000 0.511818
0.999302 1.000000 0.512273
0.999302 1.000000 0.512727
0.999297 1.000000 0.513182
0.999289 1.000000 0.513636
0.999279 1.000000 0.514091
0.999263 1.000000 0.514545
0.999253 1.000000 0.515000
0.999253 1.000000 0.515455
0.999244 1.000000 0.515909
0.999243 1.000000 0.516364
0.999241 1.000000 0.516818
0.999239 1.000000 0.517273
0.999238 1.000000 0.517727
0.999232 1.000000 0.518182
0.999230 1.000000 0.518636
0.999229 1.000000 0.519091
0.999225 1.000000 0.519545
0.999215 1.000000 0.520000
0.999212 1.000000 0.520455
0.999206 1.000000 0.520909
0.999204 1.000000 0.521364
0.999204 1.000000 0.521818
0.999197 1.000000 0.522273
0.999181 1.000000 0.522727
0.999179 1.000000 0.523182
0.999178 1.000000 0.523636
0.999176 1.000000 0.524091
0.999175 1.000000 0.524545
0.999175 1.000000 0.525000
0.999174 1.000000 0.525455
0.999173 1.000000 0.525909
0.999166 1.000000 0.526364
0.999155 1.000000 0.526818
0.999153 1.000000 0.527273
0.999150 1.000000 0.527727
0.999148 1.000000 0.528182
0.999145 1.000000 0.528636
0.999144 1.000000 0.529091
0.999142 1.000000 0.529545
0.999132 1.000000 0.530000
0.999128 1.000000 0.530455
0.999127 1.000000 0.530909
0.999117 1.000000 0.531364
0.999106 1.000000 0.531818
0.999104 1.000000 0.532273
0.999104 1.000000 0.532727
0.999074 1.000000 0.533182
0.999071 1.000000 0.533636
0.999070 1.000000 0.534091
0.999064 1.000000 0.534545
0.999052 1.000000 0.535000
0.999048 1.000000 0.535455
0.999006 1.000000 0.535909
0.998990 1.000000 0.536364
0.998979 1.000000 0.536818
0.998977 1.000000 0.537273
0.998977 1.000000 0.537727
0.998976 1.000000 0.538182
0.998967 1.000000 0.538636
0.998961 1.000000 0.539091
0.998959 1.000000 0.539545
0.998933 1.000000 0.540000
0.998925 1.000000 0.540455
0.998922 1.000000 0.540909
0.998914 1.000000 0.541364
0.998913 1.000000 0.541818
0.998897 1.000000 0.542273
0.998895 1.000000 0.542727
0.998886 1.000000 0.543182
0.998873 1.000000 0.543636
0.998865 1.000000 0.544091
0.998862 1.000000 0.544545
0.998861 1.000000 0.545000
0.998851 1.000000 0.545455
0.998833 1.000000 0.545909
0.998829 1.000000 0.546364
0.998813 1.000000 0.546818
0.998813 1.000000 0.547273
0.998810 1.000000 0.547727
0.998808 1.000000 0.548182
0.998796 1.000000 0.548636
0.998792 1.000000 0.549091
0.998780 1.000000 0.549545
0.998750 1.000000 0.550000
0.998744 1.000000 0.550455
0.998726 1.000000 0.550909
0.998708 1.000000 0.551364
0.998703 1.000000 0.551818
0.998696 1.000000 0.552273
0.998689 1.000000 0.552727
0.998689 1.000000 0.553182
0.998681 1.000000 0.553636
0.998667 1.000000 0.554091
0.998665 1.000000 0.554545
0.998664 1.000000 0.555000
0.998663 1.000000 0.555455
0.998657 1.000000 0.555909
0.998655 1.000000 0.556364
0.998643 1.000000 0.556818
0.998625 1.000000 0.557273
0.998621 1.000000 0.557727
0.998591 1.000000 0.558182
0.998590 1.000000 0.558636
0.998587 1.000000 0.559091
0.998498 1.000000 0.559545
0.998477 1.000000 0.560000
0.998477 1.000000 0.560455
0.998434 1.000000 0.560909
0.998433 1.000000 0.561364
0.998432 1.000000 0.561818
0.998411 1.000000 0.562273
0.998408 1.000000 0.562727
0.998392 1.000000 0.563182
0.998351 1.000000 0.563636
0.998347 1.000000 0.564091
0.998338 1.000000 0.564545
0.998329 1.000000 0.565000
0.998324 1.000000 0.565455
0.998313 1.000000 0.565909
0.998305 1.000000 0.566364
0.998302 1.000000 0.566818
0.998298 1.000000 0.567273
0.998276 1.000000 0.567727
0.998248 1.000000 0.568182
0.998213 1.000000 0.568636
0.998212 1.000000 0.569091
0.998207 1.000000 0.569545
0.998170 1.000000 0.570000
0.998141 1.000000 0.570455
0.998135 1.000000 0.570909
0.998117 1.000000 0.571364
0.998097 1.000000 0.571818
0.998091 1.000000 0.572273
0.998067 1.000000 0.572727
0.998060 1.000000 0.573182
0.998040 1.000000 0.573636
0.998036 1.000000 0.574091
0.998020 1.000000 0.574545
0.998014 1.000000 0.575000
0.997999 1.000000 0.575455
0.997975 1.000000 0.575909
0.997974 1.000000 0.576364
0.997943 1.000000 0.576818
0.997938 1.000000 0.577273
0.997878 1.000000 0.577727
0.997855 1.000000 0.578182
0.997822 1.000000 0.578636
0.997815 1.000000 0.579091
0.997811 1.000000 0.579545
0.997783 1.000000 0.580000
0.997776 1.000000 0.580455
0.997773 1.000000 0.580909
0.997745 1.000000 0.581364
0.997744 1.000000 0.581818
0.997717 1.000000 0.582273
0.997708 1.000000 0.582727
0.997697 1.000000 0.583182
0.997691 1.000000 0.583636
0.997618 1.000000 0.584091
0.997612 1.000000 0.584545
0.997611 1.000000 0.585000
0.997600 1.000000 0.585455
0.997552 1.000000 0.585909
0.997536 1.000000 0.586364
0.997518 1.000000 0.586818
0.997510 1.000000 0.587273
0.997448 1.000000 0.587727
0.997429 1.000000 0.588182
0.997422 1.000000 0.588636
0.997364 1.000000 0.589091
0.997362 1.000000 0.589545
0.997347 1.000000 0.590000
0.997318 1.000000 0.590455
0.997317 1.000000 0.590909
0.997286 1.000000 0.591364
0.997282 1.000000 0.591818
0.997281 1.000000 0.592273
0.997249 1.000000 0.592727
0.997213 1.000000 0.593182
0.997114 1.000000 0.593636
0.997054 1.000000 0.594091
0.997041 1.000000 0.594545
0.996979 1.000000 0.595000
0.996958 1.000000 0.595455
0.996951 1.000000 0.595909
0.996938 1.000000 0.596364
0.996912 1.000000 0.596818
0.996902 1.000000 0.597273
0.996897 1.000000 0.597727
0.996809 1.000000 0.598182
0.996804 1.000000 0.598636
0.996796 1.000000 0.599091
0.996795 1.000000 0.599545
0.996786 1.000000 0.600000
0.996775 1.000000 0.600455
0.996767 1.000000 0.600909
0.996763 1.000000 0.601364
0.996758 1.000000 0.601818
0.996709 1.000000 0.602273
0.996697 1.000000 0.602727
0.996678 1.000000 0.603182
0.996668 1.000000 0.603636
0.996648 1.000000 0.604091
0.996622 1.000000 0.604545
0.996618 1.000000 0.605000
0.996610 1.000000 0.605455
0.996595 1.000000 0.605909
0.996590 1.000000 0.606364
0.996563 1.000000 0.606818
0.996554 1.000000 0.607273
0.996553 1.000000 0.607727
0.996550 1.000000 0.608182
0.996526 1.000000 0.608636
0.996514 1.000000 0.609091
0.996453 1.000000 0.609545
0.996449 1.000000 0.610000
0.996423 1.000000 0.610455
0.996396 1.000000 0.610909
0.996363 1.000000 0.611364
0.996361 1.000000 0.611818
0.996311 1.000000 0.612273
0.996311 1.000000 0.612727
0.996308 1.000000 0.613182
0.996298 1.000000 0.613636
0.996273 1.000000 0.614091
0.996255 1.000000 0.614545
0.996254 1.000000 0.615000
0.996247 1.000000 0.615455
0.996240 1.000000 0.615909
0.996207 1.000000 0.616364
0.996162 1.000000 0.616818
0.996122 1.000000 0.617273
0.996113 1.000000 0.617727
0.996088 1.000000 0.618182
0.996072 1.000000 0.618636
0.996013 1.000000 0.619091
0.995939 1.000000 0.619545
0.995936 1.000000 0.620000
0.995930 1.000000 0.620455
0.995810 1.000000 0.620909
0.995707 1.000000 0.621364
0.995607 1.000000 0.621818
0.995523 1.000000 0.622273
0.995460 1.000000 0.622727
0.995443 1.000000 0.623182
0.995353 1.000000 0.623636
0.995337 1.000000 0.624091
0.995255 1.000000 0.624545
0.995169 1.000000 0.625000
0.995109 1.000000 0.625455
0.994983 1.000000 0.625909
0.994966 1.000000 0.626364
0.994957 1.000000 0.626818
0.994911 1.000000 0.627273
0.994839 1.000000 0.627727
0.994807 1.000000 0.628182
0.994698 1.000000 0.628636
0.994641 1.000000 0.629091
0.994569 1.000000 0.629545
0.994526 1.000000 0.630000
0.994243 1.000000 0.630455
0.994210 1.000000 0.630909
0.994102 1.000000 0.631364
0.994096 0.999281 0.631364
0.994038 0.999281 0.631818
0.993991 0.999282 0.632273
0.993981 0.999282 0.632727
0.993931 0.999283 0.633182
0.993865 0.999283 0.633636
0.993814 0.999284 0.634091
0.993749 0.999284 0.634545
0.993643 0.999285 0.635000
0.993573 0.999285 0.635455
0.993555 0.999286 0.635909
0.993399 0.999286 0.636364
0.993375 0.999287 0.636818
0.993351 0.999287 0.637273
0.993337 0.999288 0.637727
0.993292 0.999288 0.638182
0.993228 0.999289 0.638636
0.993218 0.999289 0.639091
0.993177 0.999290 0.639545
0.993135 0.999290 0.640000
0.993015 0.999291 0.640455
0.992975 0.999291 0.640909
0.992897 0.999292 0.641364
0.992799 0.999292 0.641818
0.992724 0.999293 0.642273
0.992723 0.999293 0.642727
0.992683 0.999294 0.643182
0.992627 0.999294 0.643636
0.992601 0.999295 0.644091
0.992484 0.999295 0.644545
0.992414 0.999296 0.645000
0.992345 0.999296 0.645455
0.992092 0.999297 0.645909
0.992071 0.999297 0.646364
0.991992 0.999298 0.646818
0.991989 0.999298 0.647273
0.991978 0.999299 0.647727
0.991760 0.999299 0.648182
0.991597 0.999300 0.648636
0.991538 0.999300 0.649091
0.991498 0.999301 0.649545
0.991400 0.999301 0.650000
0.991233 0.999302 0.650455
0.990991 0.999302 0.650909
0.990989 0.999303 0.651364
0.990827 0.999303 0.651818
0.990757 0.999304 0.652273
0.990563 0.999304 0.652727
0.990532 0.999305 0.653182
0.990311 0.999305 0.653636
0.990212 0.999306 0.654091
0.989553 0.999306 0.654545
0.989522 0.998613 0.654545
0.989429 0.998614 0.655000
0.989264 0.998615 0.655455
0.989222 0.998616 0.655909
0.989189 0.998617 0.656364
0.989073 0.998618 0.656818
0.988669 0.998619 0.657273
0.988557 0.998620 0.657727
0.988155 0.998621 0.658182
0.987939 0.998622 0.658636
0.987477 0.998623 0.659091
0.987432 0.998624 0.659545
0.987387 0.998625 0.660000
0.987371 0.998625 0.660455
0.986954 0.998626 0.660909
0.986875 0.998627 0.661364
0.986671 0.998628 0.661818
0.986446 0.998629 0.662273
0.986337 0.998630 0.662727
0.986111 0.998631 0.663182
0.986040 0.998632 0.663636
0.985982 0.998633 0.664091
0.985837 0.998634 0.664545
0.985806 0.998635 0.665000
0.985767 0.998636 0.665455
0.985725 0.998637 0.665909
0.985592 0.998638 0.666364
0.985293 0.998639 0.666818
0.985191 0.998639 0.667273
0.985034 0.998640 0.667727
0.984809 0.998641 0.668182
0.984513 0.998642 0.668636
0.984396 0.998643 0.669091
0.984309 0.998644 0.669545
0.984158 0.998645 0.670000
0.983706 0.998646 0.670455
0.983660 0.998647 0.670909
0.983279 0.998648 0.671364
0.983211 0.998649 0.671818
0.983178 0.998650 0.672273
0.982570 0.998650 0.672727
0.982428 0.998651 0.673182
0.982400 0.998652 0.673636
0.982369 0.998653 0.674091
0.982330 0.998654 0.674545
0.982257 0.998655 0.675000
0.981650 0.998656 0.675455
0.981490 0.998657 0.675909
0.981100 0.998658 0.676364
0.981073 0.998659 0.676818
0.980542 0.998659 0.677273
0.980503 0.998660 0.677727
0.980179 0.998661 0.678182
0.979660 0.998662 0.678636
0.979362 0.998663 0.679091
0.979177 0.998664 0.679545
0.978992 0.998665 0.680000
0.978531 0.998666 0.680455
0.978231 0.998667 0.680909
0.978188 0.998668 0.681364
0.977587 0.998668 0.681818
0.977573 0.998669 0.682273
0.977455 0.998670 0.682727
0.977368 0.998671 0.683182
0.976924 0.998672 0.683636
0.976236 0.998673 0.684091
0.976211 0.998674 0.684545
0.975937 0.998675 0.685000
0.975627 0.998676 0.685455
0.975288 0.998676 0.685909
0.974335 0.998677 0.686364
0.974111 0.998678 0.686818
0.973875 0.998679 0.687273
0.973847 0.998680 0.687727
0.973844 0.998681 0.688182
0.973434 0.998682 0.688636
0.973302 0.998682 0.689091
0.972167 0.998683 0.689545
0.972110 0.998684 0.690000
0.972076 0.998685 0.690455
0.971655 0.998686 0.690909
0.971620 0.998687 0.691364
0.971487 0.998688 0.691818
0.971463 0.998689 0.692273
0.971218 0.998689 0.692727
0.970572 0.998690 0.693182
0.969780 0.998691 0.693636
0.969203 0.998692 0.694091
0.968436 0.998693 0.694545
0.967972 0.998694 0.695000
0.967963 0.998695 0.695455
0.967689 0.998695 0.695909
0.967303 0.998696 0.696364
0.966197 0.998697 0.696818
0.965766 0.998698 0.697273
0.964815 0.998699 0.697727
0.964307 0.998700 0.698182
0.963051 0.998700 0.698636
0.962780 0.998701 0.699091
0.962681 0.998053 0.699091
0.962639 0.998055 0.699545
0.961998 0.998056 0.700000
0.961787 0.998057 0.700455
0.960252 0.998058 0.700909
0.959926 0.998060 0.701364
0.959722 0.998061 0.701818
0.959420 0.998062 0.702273
0.959402 0.998063 0.702727
0.958858 0.998065 0.703182
0.958670 0.998066 0.703636
0.958429 0.997423 0.703636
0.957569 0.997424 0.704091
0.957369 0.997426 0.704545
0.956823 0.997428 0.705000
0.956759 0.997429 0.705455
0.956185 0.997431 0.705909
0.954953 0.997433 0.706364
0.954260 0.997434 0.706818
0.953990 0.997436 0.707273
0.953759 0.997438 0.707727
0.952972 0.997439 0.708182
0.952929 0.997441 0.708636
0.952915 0.997442 0.709091
0.952815 0.997444 0.709545
0.952221 0.997446 0.710000
0.952191 0.997447 0.710455
0.951974 0.997449 0.710909
0.950204 0.997451 0.711364
0.949532 0.997452 0.711818
0.949518 0.997454 0.712273
0.949506 0.997455 0.712727
0.949233 0.997457 0.713182
0.947292 0.997459 0.713636
0.946049 0.997460 0.714091
0.945763 0.997462 0.714545
0.945373 0.997464 0.715000
0.943769 0.997465 0.715455
0.943200 0.997467 0.715909
0.943085 0.997468 0.716364
0.941212 0.997470 0.716818
0.941026 0.997472 0.717273
0.940413 0.997473 0.717727
0.939763 0.997475 0.718182
0.939185 0.997476 0.718636
0.938671 0.997478 0.719091
0.938308 0.997479 0.719545
0.937773 0.997481 0.720000
0.937766 0.997483 0.720455
0.937758 0.997484 0.720909
0.936963 0.997486 0.721364
0.936669 0.997487 0.721818
0.935150 0.997489 0.722273
0.934704 0.997491 0.722727
0.934236 0.997492 0.723182
0.933871 0.997494 0.723636
0.933711 0.997495 0.724091
0.933581 0.997497 0.724545
0.932563 0.997498 0.725000
0.931050 0.997500 0.725455
0.930934 0.997502 0.725909
0.929840 0.997503 0.726364
0.928646 0.997505 0.726818
0.928627 0.997506 0.727273
0.928558 0.997508 0.727727
0.927955 0.997509 0.728182
0.927897 0.997511 0.728636
0.927449 0.997512 0.729091
0.926529 0.997514 0.729545
0.923842 0.997515 0.730000
0.923119 0.997517 0.730455
0.922481 0.997519 0.730909
0.922459 0.997520 0.731364
0.921732 0.997522 0.731818
0.921537 0.997523 0.732273
0.920709 0.997525 0.732727
0.919493 0.997526 0.733182
0.917011 0.997528 0.733636
0.916098 0.997529 0.734091
0.915960 0.997531 0.734545
0.915357 0.997532 0.735000
0.913591 0.997534 0.735455
0.910568 0.997535 0.735909
0.905311 0.997537 0.736364
0.903003 0.997538 0.736818
0.902643 0.997540 0.737273
0.902506 0.997541 0.737727
0.898745 0.997543 0.738182
0.898730 0.997545 0.738636
0.897765 0.997546 0.739091
0.897008 0.997548 0.739545
0.896622 0.996936 0.739545
0.896320 0.996938 0.740000
0.892602 0.996940 0.740455
0.891824 0.996942 0.740909
0.890797 0.996944 0.741364
0.890536 0.996946 0.741818
0.889575 0.996947 0.742273
0.888665 0.996949 0.742727
0.887619 0.996951 0.743182
0.886984 0.996953 0.743636
0.886138 0.996955 0.744091
0.885455 0.996957 0.744545
0.884404 0.996959 0.745000
0.883503 0.996960 0.745455
0.882333 0.996962 0.745909
0.878512 0.996964 0.746364
0.878342 0.996966 0.746818
0.877479 0.996968 0.747273
0.876932 0.996970 0.747727
0.875879 0.996972 0.748182
0.875770 0.996973 0.748636
0.875608 0.996975 0.749091
0.874775 0.996977 0.749545
0.873536 0.996979 0.750000
0.869054 0.996377 0.750000
0.868553 0.996379 0.750455
0.868528 0.996381 0.750909
0.864519 0.996383 0.751364
0.862887 0.996386 0.751818
0.862073 0.996388 0.752273
0.861884 0.996390 0.752727
0.861451 0.996392 0.753182
0.858843 0.996394 0.753636
0.858324 0.996396 0.754091
0.856959 0.995798 0.754091
0.855844 0.995801 0.754545
0.855511 0.995803 0.755000
0.855124 0.995806 0.755455
0.854457 0.995808 0.755909
0.853727 0.995811 0.756364
0.853376 0.995813 0.756818
0.851991 0.995816 0.757273
0.851672 0.995818 0.757727
0.851086 0.995821 0.758182
0.848321 0.995823 0.758636
0.848069 0.995826 0.759091
0.846891 0.995232 0.759091
0.846777 0.995235 0.759545
0.844221 0.995238 0.760000
0.844073 0.995241 0.760455
0.843285 0.995244 0.760909
0.840662 0.995247 0.761364
0.838881 0.995249 0.761818
0.837588 0.995252 0.762273
0.834082 0.995255 0.762727
0.832403 0.995258 0.763182
0.829209 0.995261 0.763636
0.826772 0.995263 0.764091
0.824972 0.994675 0.764091
0.822417 0.994678 0.764545
0.821445 0.994681 0.765000
0.821073 0.994684 0.765455
0.816412 0.994687 0.765909
0.815568 0.994690 0.766364
0.814489 0.994693 0.766818
0.809185 0.994696 0.767273
0.806388 0.994700 0.767727
0.806202 0.994703 0.768182
0.803981 0.994706 0.768636
0.802605 0.994709 0.769091
0.800639 0.994712 0.769545
0.796715 0.994715 0.770000
0.793713 0.994131 0.770000
0.789930 0.994135 0.770455
0.789580 0.994138 0.770909
0.785622 0.994142 0.771364
0.785256 0.994145 0.771818
0.782656 0.994149 0.772273
0.778957 0.994152 0.772727
0.777600 0.994155 0.773182
0.777182 0.994159 0.773636
0.776383 0.994162 0.774091
0.775158 0.994166 0.774545
0.772837 0.994169 0.775000
0.770123 0.994173 0.775455
0.770049 0.994176 0.775909
0.770007 0.994179 0.776364
0.769246 0.994183 0.776818
0.764358 0.994186 0.777273
0.764254 0.994189 0.777727
0.763209 0.994193 0.778182
0.763178 0.994196 0.778636
0.760111 0.994200 0.779091
0.758421 0.994203 0.779545
0.753773 0.994206 0.780000
0.751081 0.994210 0.780455
0.750211 0.993634 0.780455
0.749447 0.993638 0.780909
0.748268 0.993642 0.781364
0.748035 0.993645 0.781818
0.746684 0.993649 0.782273
0.744207 0.993653 0.782727
0.742969 0.993656 0.783182
0.735687 0.993660 0.783636
0.729971 0.993664 0.784091
0.728889 0.993667 0.784545
0.727388 0.993671 0.785000
0.726076 0.993675 0.785455
0.721864 0.993678 0.785909
0.721728 0.993682 0.786364
0.720680 0.993685 0.786818
0.718313 0.993689 0.787273
0.712178 0.993693 0.787727
0.710051 0.993696 0.788182
0.710014 0.993700 0.788636
0.706880 0.993703 0.789091
0.705602 0.993707 0.789545
0.696660 0.993711 0.790000
0.694112 0.993714 0.790455
0.692401 0.993147 0.790455
0.690737 0.993151 0.790909
0.689675 0.992584 0.790909
0.687610 0.992588 0.791364
0.685825 0.992023 0.791364
0.685467 0.992027 0.791818
0.683690 0.992032 0.792273
0.682630 0.992036 0.792727
0.681926 0.992041 0.793182
0.676749 0.992045 0.793636
0.674363 0.992050 0.794091
0.672520 0.992054 0.794545
0.668139 0.992059 0.795000
0.667895 0.992063 0.795455
0.666561 0.992068 0.795909
0.665391 0.992072 0.796364
0.664847 0.992077 0.796818
0.661789 0.992081 0.797273
0.660588 0.992086 0.797727
0.659504 0.992090 0.798182
0.654832 0.992095 0.798636
0.649534 0.992099 0.799091
0.648867 0.992104 0.799545
0.646863 0.992108 0.800000
0.644388 0.992113 0.800455
0.641095 0.992117 0.800909
0.640521 0.992122 0.801364
0.638805 0.991564 0.801364
0.637181 0.991568 0.801818
0.637149 0.991573 0.802273
0.632194 0.991578 0.802727
0.630997 0.991583 0.803182
0.630696 0.991587 0.803636
0.629015 0.991592 0.804091
0.627976 0.991597 0.804545
0.627930 0.991601 0.805000
0.623772 0.991606 0.805455
0.623542 0.991051 0.805455
0.622515 0.991056 0.805909
0.619846 0.991061 0.806364
0.619212 0.991066 0.806818
0.613387 0.991071 0.807273
0.608521 0.991076 0.807727
0.607409 0.991081 0.808182
0.606857 0.991086 0.808636
0.606710 0.991091 0.809091
0.606374 0.991096 0.809545
0.603843 0.991101 0.810000
0.596758 0.991106 0.810455
0.596265 0.991111 0.810909
0.594841 0.991116 0.811364
0.591413 0.991121 0.811818
0.585597 0.991126 0.812273
0.585061 0.991131 0.812727
0.577014 0.991136 0.813182
0.574816 0.991141 0.813636
0.574296 0.991146 0.814091
0.572736 0.991150 0.814545
0.565732 0.991155 0.815000
0.565411 0.991160 0.815455
0.564556 0.991165 0.815909
0.561857 0.991170 0.816364
0.557702 0.991175 0.816818
0.550808 0.991180 0.817273
0.550808 0.991185 0.817727
0.548604 0.991189 0.818182
0.545494 0.991194 0.818636
0.545481 0.991199 0.819091
0.544700 0.991204 0.819545
0.543344 0.991209 0.820000
0.542852 0.991214 0.820455
0.540943 0.990670 0.820455
0.540741 0.990675 0.820909
0.539804 0.990680 0.821364
0.539748 0.990137 0.821364
0.534247 0.990142 0.821818
0.533082 0.990148 0.822273
0.532122 0.990153 0.822727
0.527099 0.990159 0.823182
0.526181 0.990164 0.823636
0.526105 0.990169 0.824091
0.525997 0.990175 0.824545
0.523661 0.990180 0.825000
0.521228 0.990185 0.825455
0.515480 0.990191 0.825909
0.514279 0.990196 0.826364
0.513467 0.990201 0.826818
0.512301 0.990207 0.827273
0.507248 0.990212 0.827727
0.497501 0.990217 0.828182
0.497473 0.990223 0.828636
0.497408 0.990228 0.829091
0.496948 0.990233 0.829545
0.496271 0.990239 0.830000
0.491565 0.990244 0.830455
0.491523 0.990249 0.830909
0.490458 0.990254 0.831364
0.486820 0.990260 0.831818
0.484524 0.990265 0.832273
0.479026 0.990270 0.832727
0.477289 0.990276 0.833182
0.476735 0.990281 0.833636
0.469204 0.990286 0.834091
0.467868 0.989752 0.834091
0.465662 0.989757 0.834545
0.462637 0.989763 0.835000
0.458563 0.989768 0.835455
0.457832 0.989774 0.835909
0.455262 0.989779 0.836364
0.454268 0.989785 0.836818
0.452682 0.989790 0.837273
0.451235 0.989796 0.837727
0.448954 0.989801 0.838182
0.447679 0.989807 0.838636
0.447331 0.989276 0.838636
0.444516 0.988746 0.838636
0.439656 0.988216 0.838636
0.439247 0.988223 0.839091
0.436790 0.988229 0.839545
0.434383 0.988235 0.840000
0.433536 0.988242 0.840455
0.433231 0.988248 0.840909
0.432471 0.988254 0.841364
0.430984 0.988260 0.841818
0.430507 0.987733 0.841818
0.429191 0.987740 0.842273
0.426400 0.987746 0.842727
0.425181 0.987753 0.843182
0.423944 0.987759 0.843636
0.423687 0.987234 0.843636
0.420490 0.987241 0.844091
0.418990 0.987248 0.844545
0.417433 0.987254 0.845000
0.414689 0.987261 0.845455
0.413505 0.987268 0.845909
0.412461 0.987275 0.846364
0.410021 0.987281 0.846818
0.408804 0.987288 0.847273
0.406568 0.987295 0.847727
0.406551 0.987302 0.848182
0.405250 0.986780 0.848182
0.404957 0.986786 0.848636
0.403429 0.986793 0.849091
0.399364 0.986800 0.849545
0.397365 0.986280 0.849545
0.396765 0.986287 0.850000
0.395979 0.985767 0.850000
0.394640 0.985248 0.850000
0.392432 0.985255 0.850455
0.392233 0.985263 0.850909
0.390777 0.985271 0.851364
0.388849 0.985279 0.851818
0.386580 0.985286 0.852273
0.384697 0.985294 0.852727
0.384160 0.985302 0.853182
0.378854 0.985310 0.853636
0.373554 0.985317 0.854091
0.372997 0.984801 0.854091
0.371986 0.984809 0.854545
0.370890 0.984817 0.855000
0.370222 0.984825 0.855455
0.368136 0.984833 0.855909
0.367214 0.984841 0.856364
0.364404 0.984848 0.856818
0.364392 0.984856 0.857273
0.364215 0.984864 0.857727
0.361542 0.984872 0.858182
0.360203 0.984880 0.858636
0.359070 0.984888 0.859091
0.358675 0.984896 0.859545
0.357047 0.984383 0.859545
0.356282 0.984391 0.860000
0.353410 0.984399 0.860455
0.352395 0.984407 0.860909
0.352366 0.984416 0.861364
0.352263 0.983904 0.861364
0.349403 0.983913 0.861818
0.347950 0.983921 0.862273
0.345761 0.983930 0.862727
0.341779 0.983420 0.862727
0.338750 0.983428 0.863182
0.337220 0.982919 0.863182
0.332062 0.982928 0.863636
0.331978 0.982937 0.864091
0.330524 0.982946 0.864545
0.330224 0.982438 0.864545
0.325171 0.982447 0.865000
0.325123 0.982456 0.865455
0.323643 0.982465 0.865909
0.322082 0.982474 0.866364
0.320277 0.982483 0.866818
0.315815 0.981977 0.866818
0.314032 0.981987 0.867273
0.310167 0.981996 0.867727
0.308200 0.981491 0.867727
0.302572 0.981501 0.868182
0.300521 0.981510 0.868636
0.299507 0.981520 0.869091
0.299109 0.981529 0.869545
0.298011 0.981026 0.869545
0.293816 0.981035 0.870000
0.289483 0.981045 0.870455
0.288890 0.980543 0.870455
0.288284 0.980553 0.870909
0.287756 0.980563 0.871364
0.285896 0.980573 0.871818
0.283508 0.980072 0.871818
0.282615 0.980082 0.872273
0.279029 0.980092 0.872727
0.278745 0.980102 0.873182
0.271703 0.980112 0.873636
0.265782 0.980122 0.874091
0.263102 0.980132 0.874545
0.262970 0.980143 0.875000
0.261274 0.980153 0.875455
0.256714 0.979654 0.875455
0.255689 0.979664 0.875909
0.254609 0.979167 0.875909
0.247812 0.978669 0.875909
0.243283 0.978680 0.876364
0.238197 0.978184 0.876364
0.238086 0.978195 0.876818
0.232931 0.978206 0.877273
0.231011 0.978217 0.877727
0.230499 0.978228 0.878182
0.230367 0.978239 0.878636
0.230319 0.978250 0.879091
0.229293 0.978261 0.879545
0.226393 0.977767 0.879545
0.225806 0.977273 0.879545
0.225297 0.977284 0.880000
0.225156 0.977296 0.880455
0.225137 0.977307 0.880909
0.224906 0.977319 0.881364
0.224360 0.976826 0.881364
0.224318 0.976334 0.881364
0.222307 0.976346 0.881818
0.219535 0.976358 0.882273
0.219051 0.976370 0.882727
0.215918 0.976382 0.883182
0.214009 0.975892 0.883182
0.213446 0.975402 0.883182
0.213192 0.975414 0.883636
0.210695 0.974925 0.883636
0.210220 0.974937 0.884091
0.209799 0.974950 0.884545
0.209273 0.974462 0.884545
0.207219 0.974474 0.885000
0.206905 0.974487 0.885455
0.206525 0.974000 0.885455
0.205590 0.973513 0.885455
0.204607 0.973526 0.885909
0.204055 0.973540 0.886364
0.202507 0.973054 0.886364
0.201250 0.972569 0.886364
0.199021 0.972582 0.886818
0.195435 0.972098 0.886818
0.194749 0.972112 0.887273
0.193722 0.972125 0.887727
0.193168 0.972139 0.888182
0.190611 0.972153 0.888636
0.190367 0.972167 0.889091
0.189790 0.972181 0.889545
0.188580 0.972195 0.890000
0.188215 0.972208 0.890455
0.186971 0.971726 0.890455
0.185893 0.971740 0.890909
0.184897 0.971754 0.891364
0.183489 0.971768 0.891818
0.183399 0.971782 0.892273
0.180503 0.971301 0.892273
0.176961 0.970821 0.892273
0.176476 0.970341 0.892273
0.175656 0.970356 0.892727
0.174930 0.970370 0.893182
0.174426 0.969891 0.893182
0.173213 0.969906 0.893636
0.170470 0.969428 0.893636
0.168920 0.968950 0.893636
0.167869 0.968473 0.893636
0.167782 0.968488 0.894091
0.166597 0.968504 0.894545
0.165856 0.968519 0.895000
0.164815 0.968535 0.895455
0.161223 0.968550 0.895909
0.159548 0.968075 0.895909
0.158189 0.968090 0.896364
0.157375 0.967615 0.896364
0.156458 0.967631 0.896818
0.155710 0.967647 0.897273
0.155182 0.967173 0.897273
0.155181 0.967189 0.897727
0.154782 0.966716 0.897727
0.153028 0.966243 0.897727
0.151609 0.966259 0.898182
0.150902 0.966276 0.898636
0.149045 0.965804 0.898636
0.148446 0.965820 0.899091
0.148144 0.965349 0.899091
0.147499 0.965366 0.899545
0.144398 0.965383 0.900000
0.143838 0.964912 0.900000
0.143506 0.964442 0.900000
0.143293 0.964460 0.900455
0.143004 0.963990 0.900455
0.142189 0.963521 0.900455
0.140720 0.963539 0.900909
0.139238 0.963071 0.900909
0.139011 0.963089 0.901364
0.138443 0.962621 0.901364
0.138391 0.962154 0.901364
0.138066 0.962173 0.901818
0.136464 0.961706 0.901818
0.134921 0.961725 0.902273
0.133132 0.961259 0.902273
0.133034 0.960794 0.902273
0.132986 0.960813 0.902727
0.132879 0.960832 0.903182
0.132550 0.960367 0.903182
0.131601 0.959903 0.903182
0.131437 0.959923 0.903636
0.131430 0.959942 0.904091
0.130967 0.959479 0.904091
0.130814 0.959016 0.904091
0.130213 0.958554 0.904091
0.129476 0.958093 0.904091
0.126103 0.958113 0.904545
0.125676 0.957652 0.904545
0.125529 0.957191 0.904545
0.124108 0.956731 0.904545
0.122171 0.956752 0.905000
0.122128 0.956772 0.905455
0.121981 0.956313 0.905455
0.121789 0.956334 0.905909
0.120894 0.956355 0.906364
0.120480 0.956376 0.906818
0.119651 0.956397 0.907273
0.119519 0.955939 0.907273
0.119502 0.955960 0.907727
0.117414 0.955981 0.908182
0.117107 0.955524 0.908182
0.117012 0.955545 0.908636
0.115702 0.955566 0.909091
0.114904 0.955110 0.909091
0.114383 0.955131 0.909545
0.114360 0.955153 0.910000
0.113508 0.955174 0.910455
0.112189 0.954719 0.910455
0.108286 0.954264 0.910455
0.107612 0.953809 0.910455
0.106816 0.953356 0.910455
0.105614 0.953378 0.910909
0.104517 0.953400 0.911364
0.104405 0.952947 0.911364
0.104387 0.952969 0.911818
0.104301 0.952517 0.911818
0.104081 0.952539 0.912273
0.103304 0.952087 0.912273
0.102773 0.951636 0.912273
0.102214 0.951185 0.912273
0.101640 0.950734 0.912273
0.099779 0.950284 0.912273
0.098700 0.949834 0.912273
0.098310 0.949385 0.912273
0.098249 0.949409 0.912727
0.098026 0.949433 0.913182
0.097087 0.948984 0.913182
0.096983 0.948536 0.913182
0.095934 0.948561 0.913636
0.095430 0.948113 0.913636
0.095231 0.947666 0.913636
0.094130 0.947691 0.914091
0.092931 0.947716 0.914545
0.091069 0.947269 0.914545
0.090882 0.947294 0.915000
0.090446 0.947319 0.915455
0.090361 0.947344 0.915909
0.089593 0.947368 0.916364
0.089159 0.946923 0.916364
0.088479 0.946948 0.916818
0.088201 0.946504 0.916818
0.087158 0.946060 0.916818
0.086849 0.945616 0.916818
0.084948 0.945642 0.917273
0.082872 0.945199 0.917273
0.082572 0.944757 0.917273
0.082523 0.944314 0.917273
0.081078 0.943873 0.917273
0.080074 0.943431 0.917273
0.079830 0.943458 0.917727
0.078931 0.943484 0.918182
0.078699 0.943044 0.918182
0.077974 0.942604 0.918182
0.077049 0.942164 0.918182
0.076992 0.941725 0.918182
0.076917 0.941286 0.918182
0.076009 0.940848 0.918182
0.075531 0.940410 0.918182
0.074944 0.940437 0.918636
0.074353 0.940465 0.919091
0.073779 0.940028 0.919091
0.073499 0.939591 0.919091
0.072604 0.939155 0.919091
0.072576 0.939183 0.919545
0.070299 0.938747 0.919545
0.069188 0.938312 0.919545
0.068704 0.937877 0.919545
0.068039 0.937442 0.919545
0.067260 0.937008 0.919545
0.066275 0.936574 0.919545
0.066030 0.936141 0.919545
0.064642 0.935708 0.919545
0.064511 0.935737 0.920000
0.064285 0.935305 0.920000
0.062610 0.935335 0.920455
0.062571 0.935365 0.920909
0.060655 0.934933 0.920909
0.060577 0.934502 0.920909
0.060069 0.934532 0.921364
0.059333 0.934101 0.921364
0.059237 0.933671 0.921364
0.058931 0.933241 0.921364
0.058740 0.932812 0.921364
0.058665 0.932843 0.921818
0.058278 0.932414 0.921818
0.058176 0.932445 0.922273
0.057895 0.932476 0.922727
0.057704 0.932048 0.922727
0.057518 0.931620 0.922727
0.057224 0.931193 0.922727
0.056074 0.930766 0.922727
0.055821 0.930339 0.922727
0.054701 0.930371 0.923182
0.054447 0.929945 0.923182
0.053891 0.929977 0.923636
0.053833 0.929552 0.923636
0.053768 0.929127 0.923636
0.053337 0.928702 0.923636
0.052935 0.928278 0.923636
0.052858 0.927854 0.923636
0.052758 0.927430 0.923636
0.052736 0.927007 0.923636
0.052732 0.926585 0.923636
0.052576 0.926162 0.923636
0.052339 0.925740 0.923636
0.051887 0.925319 0.923636
0.051588 0.924898 0.923636
0.051528 0.924477 0.923636
0.051447 0.924056 0.923636
0.051380 0.923636 0.923636
0.051131 0.923217 0.923636
0.050668 0.922797 0.923636
0.050640 0.922379 0.923636
0.050372 0.921960 0.923636
0.049956 0.921542 0.923636
0.049657 0.921124 0.923636
0.049390 0.920707 0.923636
0.048543 0.920290 0.923636
0.048448 0.919873 0.923636
0.048052 0.919457 0.923636
0.047637 0.919041 0.923636
0.047380 0.919078 0.924091
0.047339 0.918662 0.924091
0.047288 0.918248 0.924091
0.047246 0.917833 0.924091
0.047107 0.917870 0.924545
0.046633 0.917456 0.924545
0.046505 0.917042 0.924545
0.045980 0.916629 0.924545
0.045933 0.916216 0.924545
0.045814 0.915804 0.924545
0.045664 0.915392 0.924545
0.045222 0.914980 0.924545
0.045160 0.914568 0.924545
0.045115 0.914157 0.924545
0.045108 0.913747 0.924545
0.044971 0.913336 0.924545
0.044708 0.912926 0.924545
0.044365 0.912517 0.924545
0.044239 0.912108 0.924545
0.043482 0.911699 0.924545
0.043402 0.911290 0.924545
0.043387 0.910882 0.924545
0.043252 0.910474 0.924545
0.043248 0.910067 0.924545
0.043131 0.909660 0.924545
0.042798 0.909253 0.924545
0.042617 0.908847 0.924545
0.041928 0.908441 0.924545
0.041809 0.908482 0.925000
0.041328 0.908077 0.925000
0.041146 0.907672 0.925000
0.040967 0.907267 0.925000
0.040952 0.906863 0.925000
0.040417 0.906459 0.925000
0.040392 0.906055 0.925000
0.040339 0.905652 0.925000
0.040295 0.905249 0.925000
0.039901 0.904847 0.925000
0.039576 0.904444 0.925000
0.039219 0.904043 0.925000
0.039042 0.903641 0.925000
0.038703 0.903240 0.925000
0.038395 0.902839 0.925000
0.038306 0.902439 0.925000
0.038114 0.902482 0.925455
0.037640 0.902082 0.925455
0.037638 0.901683 0.925455
0.037525 0.901284 0.925455
0.037360 0.900885 0.925455
0.037187 0.900487 0.925455
0.036846 0.900088 0.925455
0.036671 0.900133 0.925909
0.036293 0.900177 0.926364
0.036198 0.900221 0.926818
0.036163 0.899823 0.926818
0.036150 0.899427 0.926818
0.036097 0.899030 0.926818
0.035739 0.898634 0.926818
0.035623 0.898238 0.926818
0.035522 0.897842 0.926818
0.035487 0.897447 0.926818
0.035220 0.897052 0.926818
0.035201 0.896658 0.926818
0.035190 0.896264 0.926818
0.035132 0.895870 0.926818
0.035109 0.895477 0.926818
0.035054 0.895083 0.926818
0.035026 0.894691 0.926818
0.034917 0.894298 0.926818
0.034838 0.893906 0.926818
0.034763 0.893514 0.926818
0.034621 0.893123 0.926818
0.034335 0.892732 0.926818
0.034317 0.892341 0.926818
0.034206 0.891951 0.926818
0.034043 0.891561 0.926818
0.033814 0.891171 0.926818
0.033712 0.890782 0.926818
0.033273 0.890393 0.926818
0.033097 0.890004 0.926818
0.032998 0.889616 0.926818
0.032988 0.889228 0.926818
0.032900 0.888840 0.926818
0.032889 0.888453 0.926818
0.032842 0.888066 0.926818
0.032573 0.887680 0.926818
0.032558 0.887293 0.926818
0.032313 0.887342 0.927273
0.032239 0.886957 0.927273
0.032180 0.886571 0.927273
0.032068 0.886186 0.927273
0.032033 0.885801 0.927273
0.032007 0.885417 0.927273
0.031985 0.885033 0.927273
0.031908 0.884649 0.927273
0.031772 0.884265 0.927273
0.031608 0.883882 0.927273
0.031434 0.883499 0.927273
0.031384 0.883550 0.927727
0.031029 0.883167 0.927727
0.030962 0.882785 0.927727
0.030962 0.882404 0.927727
0.030883 0.882023 0.927727
0.030687 0.881641 0.927727
0.030603 0.881261 0.927727
0.030559 0.880880 0.927727
0.030393 0.880500 0.927727
0.030376 0.880121 0.927727
0.030374 0.879741 0.927727
0.030194 0.879793 0.928182
0.030143 0.879414 0.928182
0.030113 0.879036 0.928182
0.030089 0.878657 0.928182
0.030083 0.878280 0.928182
0.029811 0.877902 0.928182
0.029766 0.877525 0.928182
0.029722 0.877148 0.928182
0.029536 0.876771 0.928182
0.029387 0.876395 0.928182
0.029334 0.876019 0.928182
0.029251 0.875643 0.928182
0.029160 0.875268 0.928182
0.029145 0.874893 0.928182
0.028857 0.874518 0.928182
0.028846 0.874144 0.928182
0.028766 0.873770 0.928182
0.028673 0.873396 0.928182
0.028647 0.873023 0.928182
0.028595 0.872650 0.928182
0.028392 0.872277 0.928182
0.028389 0.871904 0.928182
0.028272 0.871532 0.928182
0.028233 0.871160 0.928182
0.027937 0.870789 0.928182
0.027666 0.870418 0.928182
0.027634 0.870047 0.928182
0.027555 0.869676 0.928182
0.027510 0.869306 0.928182
0.027451 0.868936 0.928182
0.027197 0.868567 0.928182
0.027153 0.868197 0.928182
0.027141 0.867828 0.928182
0.026897 0.867460 0.928182
0.026878 0.867091 0.928182
0.026724 0.866723 0.928182
0.026690 0.866356 0.928182
0.026616 0.865988 0.928182
0.026611 0.865621 0.928182
0.026545 0.865254 0.928182
0.026391 0.864888 0.928182
0.026253 0.864522 0.928182
0.026224 0.864156 0.928182
0.025907 0.863790 0.928182
0.025860 0.863425 0.928182
0.025842 0.863060 0.928182
0.025809 0.862695 0.928182
0.025760 0.862331 0.928182
0.025245 0.861967 0.928182
0.025158 0.861603 0.928182
0.025149 0.861240 0.928182
0.024933 0.860877 0.928182
0.024922 0.860514 0.928182
0.024904 0.860152 0.928182
0.024810 0.859789 0.928182
0.024758 0.859428 0.928182
0.024734 0.859066 0.928182
0.024545 0.858705 0.928182
0.024444 0.858344 0.928182
0.024418 0.857983 0.928182
0.024416 0.857623 0.928182
0.024410 0.857263 0.928182
0.024256 0.856903 0.928182
0.024230 0.856544 0.928182
0.024165 0.856184 0.928182
0.024112 0.855826 0.928182
0.024061 0.855467 0.928182
0.024051 0.855109 0.928182
0.024013 0.854751 0.928182
0.023885 0.854393 0.928182
0.023835 0.854036 0.928182
0.023595 0.853679 0.928182
0.023561 0.853322 0.928182
0.023504 0.853383 0.928636
0.023367 0.853027 0.928636
0.023292 0.852671 0.928636
0.023172 0.852315 0.928636
0.023161 0.851960 0.928636
0.023144 0.851605 0.928636
0.022920 0.851250 0.928636
0.022852 0.850895 0.928636
0.022827 0.850541 0.928636
0.022824 0.850187 0.928636
0.022810 0.849834 0.928636
0.022810 0.849480 0.928636
0.022758 0.849127 0.928636
0.022727 0.848774 0.928636
0.022668 0.848837 0.929091
0.022552 0.848485 0.929091
0.022519 0.848133 0.929091
0.022493 0.847781 0.929091
0.022381 0.847430 0.929091
0.022335 0.847078 0.929091
0.022324 0.846727 0.929091
0.022268 0.846377 0.929091
0.022229 0.846026 0.929091
0.022218 0.845676 0.929091
0.022207 0.845327 0.929091
0.022186 0.844977 0.929091
0.021766 0.844628 0.929091
0.021762 0.844279 0.929091
0.021721 0.843931 0.929091
0.021545 0.843582 0.929091
0.021534 0.843234 0.929091
0.021483 0.842887 0.929091
0.021465 0.842539 0.929091
0.021461 0.842192 0.929091
0.021371 0.841845 0.929091
0.021353 0.841499 0.929091
0.021287 0.841564 0.929545
0.021167 0.841218 0.929545
0.021062 0.840872 0.929545
0.020995 0.840526 0.929545
0.020982 0.840181 0.929545
0.020981 0.839836 0.929545
0.020974 0.839491 0.929545
0.020952 0.839146 0.929545
0.020916 0.838802 0.929545
0.020915 0.838458 0.929545
0.020904 0.838115 0.929545
0.020875 0.837771 0.929545
0.020842 0.837428 0.929545
0.020760 0.837086 0.929545
0.020751 0.836743 0.929545
0.020638 0.836401 0.929545
0.020581 0.836059 0.929545
0.020560 0.835717 0.929545
0.020544 0.835376 0.929545
0.020410 0.835035 0.929545
0.020407 0.834694 0.929545
0.020249 0.834353 0.929545
0.020248 0.834013 0.929545
0.020169 0.833673 0.929545
0.020098 0.833333 0.929545
0.020075 0.832994 0.929545
0.020043 0.832655 0.929545
0.020024 0.832316 0.929545
0.020013 0.831977 0.929545
0.019903 0.831639 0.929545
0.019887 0.831301 0.929545
0.019838 0.830963 0.929545
0.019791 0.830626 0.929545
0.019708 0.830288 0.929545
0.019688 0.829951 0.929545
0.019649 0.829615 0.929545
0.019633 0.829278 0.929545
0.019528 0.828942 0.929545
0.019522 0.828606 0.929545
0.019432 0.828271 0.929545
0.019429 0.827935 0.929545
0.019347 0.827600 0.929545
0.019253 0.827265 0.929545
0.019234 0.826931 0.929545
0.019049 0.826597 0.929545
0.019042 0.826263 0.929545
0.018998 0.825929 0.929545
0.018885 0.825595 0.929545
0.018844 0.825262 0.929545
0.018826 0.824929 0.929545
0.018761 0.824597 0.929545
0.018760 0.824264 0.929545
0.018722 0.823932 0.929545
0.018706 0.823600 0.929545
0.018687 0.823269 0.929545
0.018666 0.822938 0.929545
0.018659 0.822607 0.929545
0.018628 0.822276 0.929545
0.018601 0.821945 0.929545
0.018509 0.821615 0.929545
0.018470 0.821285 0.929545
0.018445 0.820955 0.929545
0.018407 0.820626 0.929545
0.018392 0.820297 0.929545
0.018293 0.819968 0.929545
0.018288 0.819639 0.929545
0.018230 0.819311 0.929545
0.018200 0.818983 0.929545
0.018195 0.818655 0.929545
0.018186 0.818327 0.929545
0.018060 0.818000 0.929545
0.018047 0.817673 0.929545
0.018040 0.817346 0.929545
0.018013 0.817020 0.929545
0.017952 0.816693 0.929545
0.017885 0.816367 0.929545
0.017849 0.816042 0.929545
0.017841 0.815716 0.929545
0.017729 0.815391 0.929545
0.017641 0.815066 0.929545
0.017607 0.814741 0.929545
0.017513 0.814417 0.929545
0.017446 0.814490 0.930000
0.017417 0.814166 0.930000
0.017402 0.813842 0.930000
0.017335 0.813519 0.930000
0.017276 0.813196 0.930000
0.017251 0.812872 0.930000
0.017229 0.812550 0.930000
0.017163 0.812227 0.930000
0.017163 0.811905 0.930000
0.017151 0.811583 0.930000
0.017148 0.811261 0.930000
0.017081 0.810939 0.930000
0.017031 0.810618 0.930000
0.016997 0.810297 0.930000
0.016924 0.809976 0.930000
0.016854 0.809656 0.930000
0.016829 0.809335 0.930000
0.016822 0.809411 0.930455
0.016800 0.809091 0.930455
0.016762 0.808771 0.930455
0.016747 0.808452 0.930455
0.016730 0.808133 0.930455
0.016657 0.807814 0.930455
0.016625 0.807495 0.930455
0.016590 0.807177 0.930455
0.016571 0.806858 0.930455
0.016536 0.806541 0.930455
0.016336 0.806223 0.930455
0.016306 0.805906 0.930455
0.016274 0.805588 0.930455
0.016271 0.805271 0.930455
0.016200 0.804955 0.930455
0.016161 0.804638 0.930455
0.016080 0.804322 0.930455
0.016072 0.804006 0.930455
0.016055 0.803691 0.930455
0.015992 0.803375 0.930455
0.015877 0.803060 0.930455
0.015860 0.802745 0.930455
0.015815 0.802430 0.930455
0.015778 0.802116 0.930455
0.015741 0.801802 0.930455
0.015718 0.801488 0.930455
0.015670 0.801174 0.930455
0.015640 0.800861 0.930455
0.015590 0.800548 0.930455
0.015506 0.800235 0.930455
0.015426 0.799922 0.930455
0.015388 0.799609 0.930455
0.015292 0.799688 0.930909
0.015279 0.799375 0.930909
0.015266 0.799064 0.930909
0.015245 0.798752 0.930909
0.015133 0.798441 0.930909
0.015029 0.798129 0.930909
0.014975 0.797818 0.930909
0.014932 0.797508 0.930909
0.014918 0.797197 0.930909
0.014892 0.796887 0.930909
0.014845 0.796577 0.930909
0.014830 0.796268 0.930909
0.014797 0.795958 0.930909
0.014797 0.795649 0.930909
0.014764 0.795340 0.930909
0.014761 0.795031 0.930909
0.014691 0.794723 0.930909
0.014649 0.794414 0.930909
0.014633 0.794106 0.930909
0.014625 0.793798 0.930909
0.014600 0.793491 0.930909
0.014596 0.793184 0.930909
0.014578 0.792876 0.930909
0.014539 0.792570 0.930909
0.014485 0.792263 0.930909
0.014468 0.791957 0.930909
0.014314 0.791651 0.930909
0.014277 0.791345 0.930909
0.014276 0.791039 0.930909
0.014257 0.790734 0.930909
0.014247 0.790428 0.930909
0.014150 0.790123 0.930909
0.014035 0.789819 0.930909
0.014013 0.789514 0.930909
0.013992 0.789210 0.930909
0.013991 0.788906 0.930909
0.013977 0.788602 0.930909
0.013947 0.788299 0.930909
0.013900 0.787995 0.930909
0.013887 0.787692 0.930909
0.013836 0.787389 0.930909
0.013831 0.787087 0.930909
0.013804 0.787169 0.931364
0.013797 0.786866 0.931364
0.013796 0.786564 0.931364
0.013725 0.786262 0.931364
0.013711 0.785961 0.931364
0.013699 0.785659 0.931364
0.013699 0.785358 0.931364
0.013667 0.785057 0.931364
0.013659 0.784757 0.931364
0.013637 0.784456 0.931364
0.013625 0.784156 0.931364
0.013577 0.783856 0.931364
0.013548 0.783556 0.931364
0.013534 0.783257 0.931364
0.013529 0.782958 0.931364
0.013498 0.782659 0.931364
0.013454 0.782360 0.931364
0.013404 0.782061 0.931364
0.013403 0.781763 0.931364
0.013382 0.781465 0.931364
0.013359 0.781167 0.931364
0.013332 0.780869 0.931364
0.013326 0.780571 0.931364
0.013321 0.780274 0.931364
0.013238 0.779977 0.931364
0.013204 0.779680 0.931364
0.013181 0.779384 0.931364
0.013163 0.779087 0.931364
0.013139 0.778791 0.931364
0.013100 0.778495 0.931364
0.013075 0.778200 0.931364
0.013069 0.777904 0.931364
0.013045 0.777609 0.931364
0.013037 0.777314 0.931364
0.013031 0.777019 0.931364
0.013006 0.776725 0.931364
0.013003 0.776430 0.931364
0.012971 0.776136 0.931364
0.012952 0.775842 0.931364
0.012936 0.775549 0.931364
0.012928 0.775255 0.931364
0.012897 0.774962 0.931364
0.012879 0.774669 0.931364
0.012872 0.774376 0.931364
0.012865 0.774084 0.931364
0.012858 0.773792 0.931364
0.012814 0.773499 0.931364
0.012793 0.773208 0.931364
0.012769 0.772916 0.931364
0.012754 0.772624 0.931364
0.012668 0.772333 0.931364
0.012667 0.772042 0.931364
0.012654 0.771751 0.931364
0.012647 0.771461 0.931364
0.012626 0.771170 0.931364
0.012542 0.770880 0.931364
0.012538 0.770590 0.931364
0.012532 0.770301 0.931364
0.012508 0.770011 0.931364
0.012389 0.769722 0.931364
0.012365 0.769433 0.931364
0.012332 0.769144 0.931364
0.012324 0.768856 0.931364
0.012304 0.768567 0.931364
0.012282 0.768279 0.931364
0.012251 0.767991 0.931364
0.012241 0.767703 0.931364
0.012227 0.767416 0.931364
0.012226 0.767128 0.931364
0.012195 0.766841 0.931364
0.012184 0.766554 0.931364
0.012182 0.766268 0.931364
0.012169 0.765981 0.931364
0.012162 0.765695 0.931364
0.012153 0.765409 0.931364
0.012144 0.765123 0.931364
0.012101 0.764838 0.931364
0.012098 0.764552 0.931364
0.012041 0.764267 0.931364
0.011993 0.763982 0.931364
0.011979 0.763697 0.931364
0.011957 0.763413 0.931364
0.011954 0.763129 0.931364
0.011937 0.762844 0.931364
0.011922 0.762560 0.931364
0.011921 0.762277 0.931364
0.011891 0.761993 0.931364
0.011880 0.761710 0.931364
0.011853 0.761427 0.931364
0.011829 0.761144 0.931364
0.011826 0.760862 0.931364
0.011813 0.760579 0.931364
0.011812 0.760297 0.931364
0.011740 0.760015 0.931364
0.011713 0.759733 0.931364
0.011712 0.759451 0.931364
0.011708 0.759170 0.931364
0.011707 0.758889 0.931364
0.011679 0.758608 0.931364
0.011655 0.758327 0.931364
0.011655 0.758047 0.931364
0.011634 0.757766 0.931364
0.011624 0.757486 0.931364
0.011584 0.757206 0.931364
0.011572 0.756926 0.931364
0.011568 0.756647 0.931364
0.011562 0.756368 0.931364
0.011521 0.756089 0.931364
0.011509 0.755810 0.931364
0.011507 0.755531 0.931364
0.011495 0.755252 0.931364
0.011495 0.754974 0.931364
0.011489 0.754696 0.931364
0.011437 0.754418 0.931364
0.011422 0.754141 0.931364
0.011411 0.753863 0.931364
0.011336 0.753586 0.931364
0.011333 0.753309 0.931364
0.011333 0.753032 0.931364
0.011322 0.752755 0.931364
0.011321 0.752479 0.931364
0.011306 0.752203 0.931364
0.011292 0.751927 0.931364
0.011226 0.751651 0.931364
0.011188 0.751375 0.931364
0.011181 0.751100 0.931364
0.011175 0.750824 0.931364
0.011169 0.750549 0.931364
0.011151 0.750275 0.931364
0.011122 0.750000 0.931364
0.011116 0.749726 0.931364
0.011066 0.749451 0.931364
0.011064 0.749177 0.931364
0.011058 0.748904 0.931364
0.011044 0.748630 0.931364
0.011043 0.748356 0.931364
0.011028 0.748083 0.931364
0.011017 0.747810 0.931364
0.010999 0.747537 0.931364
0.010968 0.747265 0.931364
0.010936 0.746992 0.931364
0.010912 0.746720 0.931364
0.010871 0.746448 0.931364
0.010852 0.746176 0.931364
0.010846 0.745905 0.931364
0.010845 0.745633 0.931364
0.010828 0.745362 0.931364
0.010797 0.745091 0.931364
0.010796 0.744820 0.931364
0.010783 0.744549 0.931364
0.010781 0.744279 0.931364
0.010763 0.744009 0.931364
0.010759 0.743739 0.931364
0.010754 0.743469 0.931364
0.010729 0.743199 0.931364
0.010664 0.742930 0.931364
0.010664 0.742660 0.931364
0.010648 0.742391 0.931364
0.010642 0.742122 0.931364
0.010637 0.741854 0.931364
0.010623 0.741585 0.931364
0.010610 0.741317 0.931364
0.010604 0.741049 0.931364
0.010595 0.740781 0.931364
0.010584 0.740513 0.931364
0.010584 0.740246 0.931364
0.010525 0.739978 0.931364
0.010500 0.739711 0.931364
0.010492 0.739444 0.931364
0.010476 0.739177 0.931364
0.010445 0.738911 0.931364
0.010445 0.738645 0.931364
0.010438 0.738378 0.931364
0.010426 0.738112 0.931364
0.010425 0.738207 0.931818
0.010418 0.737941 0.931818
0.010388 0.737675 0.931818
0.010384 0.737410 0.931818
0.010346 0.737145 0.931818
0.010330 0.736880 0.931818
0.010253 0.736615 0.931818
0.010208 0.736351 0.931818
0.010208 0.736086 0.931818
0.010193 0.735822 0.931818
0.010177 0.735558 0.931818
0.010165 0.735294 0.931818
0.010148 0.735030 0.931818
0.010144 0.734767 0.931818
0.010140 0.734504 0.931818
0.010123 0.734241 0.931818
0.010105 0.733978 0.931818
0.010084 0.733715 0.931818
0.010083 0.733453 0.931818
0.010082 0.733190 0.931818
0.010081 0.732928 0.931818
0.010077 0.732666 0.931818
0.010072 0.732404 0.931818
0.010057 0.732143 0.931818
0.010031 0.731881 0.931818
0.010015 0.731620 0.931818
0.010013 0.731359 0.931818
