11.612
5.81344
5.76499
5.56221
5.43505
5.44181
5.39334
5.24529
5.46469
5.13928
5.34692
5.10342
5.1409
5.04882
4.82181
4.96956
4.84994
4.76739
4.46151
4.33551
4.17181
3.83468
4.11643
3.92292
3.65177
3.50184
3.60797
3.55758
3.24873
3.41078
3.1999
2.84549
3.15748
2.75897
2.6745
3.04529
2.71286
2.90684
2.91786
2.27063
2.51421
2.64432
2.38336
2.70284
2.29673
2.53302
2.45733
2.44937
2.16669
2.52096
2.08015
2.06896
2.40356
2.05235
1.90813
1.85384
2.017
2.09085
1.99518
1.95981
1.8495
2.08107
2.02949
2.62657
1.9451
2.27622
2.08774
2.18874
1.60273
1.89018
1.93884
1.89598
2.00971
1.81846
1.97196
1.86969
1.81009
1.58368
1.74987
1.81581
1.65277
1.56282
1.57833
1.45973
1.41722
1.64085
1.43313
1.41122
1.73103
1.85994
1.61157
1.5194
1.58066
1.46406
1.64393
1.58843
1.38588
1.41199
1.66093
1.42566
1.40627
1.2773
1.39837
1.49931
1.34177
1.50118
1.53373
1.48213
1.61571
1.66712
1.58942
1.28525
1.24696
1.25168
1.43039
1.10739
1.40522
1.35387
1.2061
1.35893
1.21538
1.37498
1.42459
1.68643
1.32986
1.44596
1.15569
1.30252
1.17472
1.32659
1.41751
1.22809
1.33357
1.31828
1.15137
1.08194
1.26068
1.25383
1.59422
1.50776
1.30513
1.27
1.43283
1.21308
1.03982
1.23514
1.44933
1.42122
1.26083
1.39183
1.21211
1.26682
1.34135
1.39086
1.14435
1.50124
1.20801
1.24003
1.1383
1.04912
1.52336
1.29529
1.62283
1.13996
1.21496
1.35494
1.05843
1.19599
1.11518
1.15381
1.17818
0.948244
1.44704
1.18742
1.41077
1.03066
1.28535
1.26117
1.15377
0.82747
1.16041
1.1603
1.29279
1.15921
1.07904
1.0873
1.07815
1.20966
0.997481
1.20086
1.22594
1.19112
1.04792
1.22587
0.974028
1.54438
0.989601
0.908434
1.06575
1.03258
1.00228
1.1089
1.30289
1.0981
0.949152
1.12194
1.01635
1.0951
1.12335
1.14273
0.920576
1.16379
1.06264
1.16174
1.01067
1.34205
1.14507
0.921509
1.19454
0.862964
1.08118
0.98795
0.876233
0.855145
0.824567
0.967838
0.787303
0.977454
0.885214
1.15414
1.20364
1.00132
1.12208
0.802549
0.908098
1.1366
0.91538
0.986881
0.736025
1.27736
1.08118
1.13625
0.941535
0.826524
1.13691
0.880913
0.916539
0.981961
0.849587
0.937656
0.949112
1.00689
0.813976
0.988018
1.03096
0.864272
0.904074
1.12806
1.03807
0.994172
0.90594
0.827948
0.846165
0.901412
1.05644
0.950504
0.98211
1.1456
0.881762
1.3228
0.838977
0.848997
0.983579
0.862739
0.863893
1.21064
1.13022
1.3052
0.958383
1.011
0.69685
0.726218
0.957041
0.860125
1.02108
0.99228
0.907476
1.18817
1.05763
0.787873
0.824324
0.797086
0.826281
0.93435
0.974909
0.915642
0.810503
0.725289
1.04575
1.04899
0.755227
1.23793
0.877132
0.900077
0.818995
1.00427
0.880974
0.873871
1.29986
0.882498
0.924838
0.932796
0.929351
0.864808
0.778109
0.845763
0.885939
0.753531
0.744776
0.997582
0.838354
0.912917
1.14252
0.923595
0.967888
1.08997
0.973134
0.854477
1.3282
0.814217
0.868606
0.814689
0.743445
1.05357
0.820529
0.82756
0.879583
0.786512
0.787078
0.813691
0.747218
1.03096
0.706522
1.13871
1.0431
0.734748
0.734116
0.969836
0.964209
1.06026
0.722932
1.13941
1.03972
0.760666
0.748664
0.778684
1.0431
0.806278
0.892852
0.941605
0.897215
0.931165
0.695474
0.741802
1.07114
0.771713
0.978634
0.847112
0.837928
0.74431
0.819518
0.739584
0.910527
0.989114
1.0815
0.854402
0.695419
0.900667
0.938513
0.889366
0.720574
0.72182
0.739584
1.06972
0.616008
0.848593
0.882761
0.8105
0.68664
0.760128
0.852405
0.665309
0.869237
0.699846
0.804781
0.692746
0.748375
0.660763
0.62
0.704107
0.748026
0.736879
0.697945
0.792071
0.592726
0.619809
1.0201
0.791567
0.871939
0.960313
0.76146
0.792516
0.880694
0.841664
0.8032
0.652961
0.709442
0.729631
0.820321
0.65156
0.714363
0.628244
0.570338
0.740732
0.698991
0.813615
0.759885
0.828336
1.0711
0.735281
0.753653
0.942074
0.885289
0.886855
0.757631
0.837562
0.697445
0.746431
0.79151
0.721513
0.819848
0.693602
0.82379
0.729499
0.907023
0.769649
0.824434
0.781309
0.794709
1.05175
0.780717
0.787097
0.689515
0.765724
0.779824
0.689001
1.05328
0.71317
0.724628
0.812008
0.718623
0.867777
0.875574
1.03087
0.597577
0.810149
0.698896
0.759948
0.776274
0.736059
0.655303
0.981249
0.838217
0.756181
0.728975
0.748189
1.17077
0.668604
0.650126
0.667339
0.888354
0.904861
0.688398
0.730577
0.938951
0.654927
0.610252
0.554073
0.839726
0.756115
0.719413
0.885115
0.60282
0.721425
0.621925
0.917024
0.730905
0.835111
0.712711
0.647805
0.742701
0.703136
0.765773
1.05442
0.910177
0.753152
0.628834
0.658505
0.650918
0.660136
0.66268
0.865063
0.654404
0.658322
0.755981
0.578805
0.761865
0.561757
0.705352
0.783816
0.830284
0.740966
0.575779
0.715628
0.712308
0.774114
0.709449
0.727076
0.670963
0.70178
0.868235
0.585511
0.613747
0.951632
0.712907
0.712652
0.868809
0.610221
0.726764
0.815932
0.549367
0.808303
0.713584
0.75959
1.03399
0.691632
0.880006
0.731341
0.835409
0.586361
0.591553
0.667827
0.675237
0.687148
0.715705
0.706264
0.6677
0.622734
1.06183
0.848789
0.581671
0.761718
0.535986
0.644851
0.918926
0.5468
0.589404
0.571383
0.592069
0.68799
0.779085
0.682773
0.758614
0.676869
0.73733
0.688397
0.631016
0.610137
0.905209
0.672853
0.575581
0.556172
0.61082
0.590173
0.723787
0.552227
0.616629
0.954545
0.721398
0.621885
0.642199
0.628007
0.667176
0.701094
0.689337
0.816559
0.689603
0.724979
0.582746
0.937512
0.694373
0.802292
0.704637
0.529294
0.596142
0.593988
0.681876
0.544493
0.613671
0.619448
0.802925
0.635723
0.57644
0.677583
1.27555
0.58831
0.83474
0.810929
0.718316
0.625621
0.829232
0.682014
0.675239
1.13568
0.594515
0.90616
0.686892
0.672273
0.737916
0.573002
0.781329
0.573382
0.566089
0.543865
0.70429
0.547547
0.560507
0.506766
0.691211
0.669955
0.587846
0.559018
0.606156
0.556744
0.868851
0.540871
0.770653
0.56917
0.822215
0.624035
0.543793
0.564188
0.467658
0.753542
0.709151
0.773787
0.550742
0.530058
0.460849
0.75542
0.511813
0.758223
0.564382
0.754625
0.73369
0.532277
0.909343
0.789078
0.654413
0.641007
0.817245
0.623273
0.752519
0.727049
0.718372
0.488587
0.718243
0.494389
0.774484
0.613652
0.698916
0.804697
0.668104
0.769976
0.565346
0.73033
0.661367
0.534623
0.719985
0.679854
0.64038
0.595939
0.492454
0.615531
0.548173
0.657768
0.563003
0.729395
0.643329
0.527995
0.798127
0.548019
0.637978
0.772376
0.645744
0.752577
0.769431
0.710284
0.573503
0.634707
0.606367
0.562112
0.591825
0.572416
0.601863
0.557463
0.84472
0.727538
0.499827
0.565857
0.637743
0.636155
0.759577
0.539257
0.599058
0.492584
0.635644
0.629815
0.823344
0.641656
0.636468
0.587282
0.513249
0.538898
0.51851
0.546869
0.657653
0.649067
0.601728
0.593108
0.779591
0.562433
0.561417
0.537232
0.649328
0.583882
0.52775
0.562338
0.686086
0.542327
0.622068
0.674732
0.662355
0.491596
0.697557
0.619916
0.66245
0.563037
0.697421
0.496218
0.565392
0.7185
0.66063
0.514153
0.882826
0.856609
0.540742
0.590594
0.658572
0.72159
0.768092
0.908331
0.651865
0.696654
0.522407
0.68593
0.93591
0.659596
0.652369
0.550192
0.668374
0.55909
0.525984
0.562127
0.587226
0.541187
0.692329
0.581163
0.505001
0.613715
0.506221
0.612443
0.744988
0.613258
0.55615
0.632456
0.620713
0.552173
0.581871
0.607262
0.858859
0.848882
0.585329
0.843311
0.640575
0.603637
0.542853
0.620706
0.846173
0.712075
0.940538
0.591647
0.518574
0.567835
0.741522
0.602532
0.580914
0.714418
0.626398
0.529889
0.570594
0.596308
0.643385
0.695028
0.598054
0.523208
0.523885
0.633688
0.58061
0.595839
0.474654
0.56272
0.813141
0.579675
0.632064
0.545348
0.550796
0.720218
0.503039
0.486138
0.413055
0.624386
0.656472
0.580603
0.871687
0.641714
0.516587
0.854379
0.593984
0.645811
0.540294
0.534275
0.698618
0.465561
0.55522
0.774618
0.569351
0.553612
0.709549
0.427883
0.509631
0.600734
0.555509
0.484765
0.801638
0.613138
0.54888
0.637511
0.50095
0.700309
0.595456
0.498849
0.446411
0.516207
0.483692
0.521081
0.553334
0.736481
0.527193
0.448064
0.613283
0.680004
0.595812
0.622199
0.540285
0.598293
0.660445
0.400394
0.601393
0.579186
0.688425
0.64537
0.487703
0.538153
0.465762
0.480531
0.665185
0.555905
0.604514
0.555871
0.478741
0.575589
0.540286
1.10698
0.791825
0.795961
0.638616
0.655154
0.527571
0.509424
0.540699
0.576942
0.536038
0.52762
0.797709
0.564149
0.678477
0.673739
0.575231
0.504592
0.525375
0.547826
0.54744
0.559851
0.586561
0.605507
0.650588
0.529267
0.509555
0.515361
0.826673
0.493296
0.644365
0.564717
0.503457
0.536471
0.610285
0.596203
0.571458
0.488466
0.667903
0.717416
0.654029
0.449432
0.431449
0.586114
0.602182
0.547766
0.866239
0.477095
0.705493
0.592047
0.612188
0.596258
0.468763
0.586693
0.524269
0.675028
0.600391
1.0041
0.490799
0.552157
0.596689
0.515178
0.556771
0.521972
0.595716
0.603063
0.67981
0.475584
0.558311
0.533081
0.430521
0.677415
0.730181
0.664106
0.510997
0.563593
0.522075
0.587311
0.617652
0.462903
0.589771
0.58506
0.481319
0.570056
0.851955
0.558421
0.55303
0.583468
0.470609
0.51841
0.446669
0.758168
0.476766
0.495043
0.542999
0.422819
0.602855
0.614527
0.564529
0.529232
0.624116
0.617498
0.488206
0.54824
0.583092
0.427887
0.46705
0.539466
0.56014
0.574939
0.569197
0.579885
0.571056
0.539438
0.494839
0.56954
0.849308
0.520438
0.454544
0.519143
0.44043
0.60132
0.45941
0.393378
0.469614
0.48725
0.472263
0.59636
0.504831
0.460173
0.600247
0.945319
0.480011
0.53346
0.537095
0.488127
0.481722
0.729767
0.551065
0.527863
0.548871
0.587541
0.576005
0.540531
0.46146
0.695888
0.44449
0.444282
0.425594
0.620909
0.495589
0.879437
0.554403
0.542472
0.483436
0.431829
0.476051
0.727275
0.601904
0.550947
0.522987
0.568424
0.49711
0.691166
0.651063
0.569481
0.494896
0.415357
0.524591
0.532893
0.607878
0.615124
0.454716
0.503653
0.526911
0.473115
0.483798
0.522824
0.534806
0.549018
0.578976
0.577005
0.498353
0.49616
0.490765
0.546983
0.63987
0.566147
0.474544
0.630102
0.682175
0.433266
0.50412
0.633201
0.754019
0.54167
0.495422
0.723777
0.527788
0.519338
0.462413
0.60504
0.876643
0.499676
0.437692
0.527375
0.493251
0.5177
0.605898
0.619412
0.458929
0.450802
0.450214
0.466359
0.52021
0.412203
0.474226
0.736061
0.919978
0.525735
0.598524
0.493406
0.403678
0.443271
0.477682
0.426391
0.426796
0.556905
0.403879
0.560781
0.472252
0.990385
0.574893
0.516873
0.751175
0.419978
0.395674
0.489459
0.545423
0.432585
0.691134
0.458027
0.438159
0.477585
0.653329
0.442773
0.528372
0.502868
0.459539
0.467189
0.468182
0.45354
0.838706
0.420278
0.665807
0.448323
0.438157
0.392154
0.435219
0.519429
0.688395
0.533546
0.517421
0.540676
0.578686
0.549118
0.438047
0.458219
0.723423
0.467137
0.514028
0.53132
0.493143
0.452386
0.503568
0.674852
0.536865
0.563252
0.495038
0.419457
0.569632
0.460961
0.487454
0.443154
0.621869
0.470619
0.464962
0.448415
0.512608
0.579039
0.708645
0.557575
0.483308
0.456376
0.437614
0.469643
0.594357
0.349348
0.63945
0.622718
0.812629
0.831834
0.551626
0.595176
0.486843
0.573985
0.48845
0.494884
0.538291
0.461267
0.493004
0.619833
0.468898
0.405662
0.526347
0.481769
0.426092
0.669267
0.456792
0.76764
0.493857
0.690204
0.594859
0.517691
0.431162
0.389897
0.413371
0.611141
0.404291
0.603798
0.571023
0.559273
0.503541
0.436617
0.41606
0.703881
0.405632
0.491264
0.469988
0.631829
0.48264
0.423276
0.551011
0.678704
0.786416
0.479618
0.699592
0.531043
0.40317
0.50244
0.551688
0.425364
0.60567
0.604684
0.49205
0.449023
0.494687
0.534704
0.407852
0.443716
0.767735
0.503562
0.570186
0.440957
0.480646
0.544093
0.453457
0.530812
0.544244
0.451646
0.537807
0.410425
0.447677
0.778855
0.447366
0.483835
0.797734
0.441943
0.46476
0.483384
0.729541
0.494623
0.416251
0.623195
0.429027
0.638736
0.57967
0.416087
0.60218
0.527144
0.663295
0.460083
0.393926
0.516793
0.585632
0.424292
0.425654
0.484629
0.393805
0.465491
0.506028
0.425321
0.430831
0.601627
0.414372
0.722889
0.445615
0.595433
0.391044
0.405446
0.449065
0.436187
0.524517
0.402927
0.442155
0.389843
0.924352
0.386103
0.474236
0.485946
0.554558
0.449518
0.509705
0.417319
0.496507
0.496341
0.591337
0.497614
0.405811
0.625637
0.506892
0.41148
0.493312
0.601371
0.53773
0.478557
0.609196
0.831127
0.542067
0.510884
0.705992
0.542258
0.382804
0.656953
0.443557
0.562138
0.475691
0.697032
0.383622
0.445429
0.428653
0.685141
0.440961
0.569881
0.530168
0.37275
0.372531
0.456596
0.418734
0.560344
0.379203
0.351866
0.457128
0.473324
0.502863
0.433259
0.425053
0.460768
0.48701
0.380627
0.430032
0.598732
0.781069
0.478722
0.398109
0.473726
0.471543
0.393362
0.665016
0.453307
0.506223
0.510411
0.439128
0.620854
0.425646
0.50015
0.527209
0.391614
0.580514
0.518368
0.523925
0.431064
0.643832
0.524716
0.59037
0.510988
0.522156
0.571329
0.456036
0.503703
0.400189
0.513074
0.36281
0.452555
0.419482
0.446507
0.458718
0.539399
0.45382
0.350299
0.509725
0.358634
0.435462
0.573122
0.396556
0.396317
0.618682
0.415912
0.592244
0.627352
0.415533
0.451001
0.470166
0.518011
0.496348
0.381475
0.474999
0.404482
0.445286
0.40028
0.600606
0.435306
0.496433
0.368636
0.371981
0.532301
0.430719
0.490124
0.518852
0.452089
0.356323
0.485833
0.465696
0.416414
0.481159
0.418231
0.525079
0.367943
0.568664
0.569394
0.426006
0.388399
0.496876
0.457867
0.515239
0.471204
0.517458
0.416684
0.527656
0.412805
0.607536
0.51749
0.42773
0.533907
0.398534
0.381211
0.477345
0.448846
0.516238
0.700202
0.41466
0.383084
0.764751
0.463733
0.445492
0.410977
0.467655
0.435503
0.408293
0.680331
0.438163
0.503393
0.541416
0.485685
0.574594
0.460711
0.433286
0.448662
0.693959
0.384854
0.37834
0.496147
0.441374
0.46937
0.38749
0.440857
0.454154
0.420093
0.557979
0.577452
0.508719
0.479042
0.404981
0.603337
0.484353
0.579401
0.413877
0.545704
0.438573
0.399666
0.475432
0.421631
0.399396
0.551444
0.439917
0.490389
0.457549
0.48739
0.485006
0.427309
0.422794
0.585855
0.477768
0.442349
0.500269
0.386194
0.426758
0.531862
0.67143
0.368785
0.421287
0.48346
0.483877
0.409353
0.451264
0.458483
0.416468
0.43488
0.609946
0.599425
0.450847
0.402967
0.467445
0.462928
0.47463
0.530204
0.634708
0.296539
0.393596
0.604616
0.518495
0.565099
