11.612
7.47807
6.00088
5.60126
5.53841
5.48964
5.42253
5.31996
5.30547
5.1505
5.11915
5.13389
5.09302
5.02923
4.9834
4.9518
4.82997
4.68698
4.65925
4.41563
4.31693
4.08443
4.05193
3.98567
3.71209
3.61894
3.50425
3.54549
3.27798
3.27561
3.22324
3.15696
3.07083
2.90512
2.86773
2.77984
2.69894
2.73547
2.843
2.63006
2.63101
2.61082
2.48633
2.57225
2.46217
2.3929
2.37011
2.44675
2.28632
2.40512
2.3453
2.25562
2.27648
2.22478
2.13211
2.09646
2.11526
2.08441
2.18945
1.97608
2.01062
2.01594
1.94592
2.10388
2.07279
2.0394
1.95987
1.8648
1.83093
1.81134
1.89967
1.88198
1.7899
1.67844
1.79381
1.81792
1.86014
1.7898
1.8421
1.75147
1.70484
1.69078
1.63739
1.70853
1.66747
1.63768
1.68747
1.63248
1.74767
1.66806
1.70832
1.71984
1.55274
1.52603
1.44797
1.55876
1.5262
1.52057
1.55051
1.53715
1.50118
1.37113
1.54347
1.51688
1.42725
1.44611
1.40607
1.46789
1.54162
1.66322
1.50455
1.46471
1.39419
1.34801
1.49551
1.38767
1.39791
1.39193
1.41327
1.3569
1.30421
1.37147
1.39772
1.31177
1.31725
1.3409
1.36963
1.37316
1.26256
1.27624
1.27071
1.32059
1.37901
1.28948
1.31575
1.28738
1.18204
1.23723
1.24827
1.40369
1.24543
1.28075
1.23355
1.30971
1.22192
1.2703
1.19209
1.25515
1.32316
1.33349
1.35854
1.27265
1.22422
1.26672
1.21286
1.26089
1.27572
1.1952
1.24015
1.21202
1.30311
1.13859
1.12885
1.17707
1.21961
1.2599
1.13361
1.16395
1.17682
1.11704
1.19008
1.11753
1.23205
1.16942
1.26028
1.21546
1.10379
1.14324
1.08205
1.07366
1.07308
1.14042
1.11788
1.08831
1.14523
1.14801
1.08867
1.16451
1.09276
1.11357
1.09216
1.10366
1.12389
1.13694
1.10476
1.05147
1.1002
1.12359
1.07652
1.09445
1.15135
1.04734
1.17307
1.14533
1.04158
1.1313
1.09418
1.13176
1.0646
1.02101
1.0849
1.11255
1.13646
1.14073
1.13094
1.16903
1.10534
1.04936
1.00755
0.986744
1.01446
1.06831
1.05255
1.0707
0.943106
1.03362
1.00474
1.06605
1.00761
1.00855
1.11757
1.04262
1.02229
1.04732
1.05321
0.993265
1.06753
1.03885
1.00178
1.10703
1.08476
1.06746
1.04597
0.966571
1.08574
0.926653
0.983298
1.09419
0.992604
0.991391
0.95881
0.93918
0.960316
0.95895
0.989046
0.970922
0.981047
0.984635
1.00498
0.999417
0.968757
0.973609
1.0019
0.939157
0.963176
1.00317
0.993328
0.958039
0.945794
0.936212
0.876779
0.929668
0.887876
0.8744
0.877948
0.882304
0.927719
1.03572
0.91422
1.13047
0.937871
0.956035
0.924876
0.944436
1.00713
1.04581
0.968826
0.969086
0.942263
0.879051
0.910941
0.866512
0.839004
0.944432
0.938431
0.896294
0.97146
0.865767
0.848608
0.897983
0.910733
0.928011
0.963565
0.985677
0.981797
0.944464
0.944564
0.923808
0.896264
0.875501
0.867735
0.937108
0.890972
0.956959
0.919144
0.913608
0.866717
0.895414
0.904753
0.945536
0.852654
0.890906
0.925781
0.847045
0.882297
0.881974
0.894807
0.937542
0.920521
0.898852
0.812908
0.853731
0.905178
0.868842
0.917905
0.86445
0.90167
0.776609
0.864535
0.855267
0.810708
0.939989
0.808139
0.854225
0.89113
0.781181
0.87902
0.886574
0.839805
0.860591
0.91307
0.905477
0.84753
0.809807
0.862502
0.850322
0.855268
0.825516
0.884706
0.93593
0.91689
0.85621
0.835588
0.93111
0.82358
0.819333
0.825481
0.833638
0.790988
0.896012
0.835565
0.87921
0.858512
0.851057
0.859765
0.817382
0.810785
0.818396
0.871513
0.858115
0.906223
0.845853
0.849284
0.810788
0.854674
0.858485
0.833276
0.844924
0.744719
0.86197
0.786852
0.743369
0.828412
0.714023
0.803344
0.857219
0.800039
0.72995
0.83442
0.770462
0.784095
0.764379
0.766884
0.774093
0.691417
0.744881
0.821786
0.822311
0.837408
0.773774
0.741889
0.795991
0.753679
0.769028
0.850887
0.843515
0.790021
0.845234
0.850266
0.758913
0.764922
0.787795
0.745756
0.780875
0.807702
0.800266
0.778996
0.789392
0.911006
0.751636
0.854267
0.805091
0.835474
0.779873
0.814109
0.790758
0.769181
0.786343
0.812737
0.782465
0.79956
0.81653
0.842578
0.783196
0.788789
0.740588
0.780215
0.748975
0.779006
0.82233
0.774706
0.74042
0.760139
0.77574
0.800112
0.688812
0.876909
0.815268
0.77669
0.709151
0.72002
0.751165
0.765877
0.71114
0.734381
0.7499
0.708963
0.733481
0.716153
0.765255
0.746488
0.765358
0.791511
0.782227
0.727423
0.748649
0.900123
0.795195
0.759618
0.713011
0.837035
0.784628
0.721668
0.71931
0.701614
0.700316
0.674729
0.721951
0.731481
0.782447
0.705495
0.74971
0.739867
0.720493
0.744229
0.71356
0.736391
0.800771
0.684905
0.696483
0.699109
0.768412
0.731406
0.727248
0.734008
0.856482
0.727378
0.734047
0.68315
0.745558
0.711679
0.723802
0.796833
0.688714
0.765357
0.665258
0.711842
0.719445
0.774203
0.70973
0.812273
0.758561
0.703481
0.723401
0.807362
0.776209
0.792873
0.743484
0.714513
0.738129
0.773526
0.715472
0.678904
0.762048
0.701593
0.726845
0.708505
0.715095
0.704687
0.694493
0.691876
0.671375
0.733665
0.693501
0.747902
0.813935
0.733083
0.709413
0.744
0.701221
0.72928
0.720951
0.783384
0.748201
0.693098
0.661655
0.673579
0.628278
0.702706
0.732623
0.738907
0.713753
0.729597
0.697483
0.68267
0.72507
0.682882
0.687136
0.749893
0.745516
0.748075
0.711992
0.699706
0.690324
0.680241
0.665934
0.677532
0.660794
0.684728
0.697214
0.625671
0.681258
0.729449
0.67088
0.681923
0.725572
0.651535
0.74703
0.662943
0.645029
0.702214
0.718507
0.680885
0.642121
0.664469
0.684967
0.724216
0.673868
0.659954
0.721055
0.717341
0.744535
0.730185
0.684994
0.726532
0.674646
0.646719
0.586152
0.643558
0.64781
0.690165
0.670088
0.625139
0.634502
0.751937
0.659583
0.713072
0.697159
0.769469
0.621331
0.62039
0.729508
0.640626
0.724055
0.696606
0.728857
0.655333
0.668064
0.670563
0.687276
0.68565
0.628961
0.586583
0.701293
0.689075
0.652025
0.650647
0.629777
0.679358
0.629451
0.650874
0.632564
0.614921
0.656076
0.708532
0.605788
0.725561
0.678024
0.745552
0.756997
0.605054
0.614487
0.616675
0.637637
0.654599
0.647271
0.660265
0.689398
0.63757
0.657619
0.666448
0.679797
0.64613
0.685233
0.731596
0.6381
0.699366
0.703698
0.679914
0.74414
0.664811
0.633802
0.644497
0.642364
0.613996
0.643688
0.626399
0.604155
0.658726
0.66356
0.66055
0.659986
0.58676
0.641198
0.632289
0.769585
0.65594
0.621532
0.650495
0.64097
0.634034
0.633319
0.631944
0.640999
0.630739
0.610984
0.619106
0.670733
0.657765
0.59356
0.652087
0.613895
0.634088
0.696257
0.660572
0.668285
0.652187
0.669009
0.609781
0.65056
0.625967
0.619177
0.668998
0.671503
0.69987
0.599995
0.652087
0.662294
0.57482
0.647951
0.635914
0.693884
0.654299
0.647648
0.656708
0.564726
0.678736
0.753356
0.608278
0.66769
0.618262
0.652529
0.582174
0.571432
0.661217
0.671388
0.619265
0.641945
0.61463
0.599981
0.606556
0.645244
0.65669
0.624097
0.68659
0.66554
0.619905
0.635451
0.658514
0.598086
0.62823
0.621233
0.56794
0.606347
0.613919
0.625147
0.576157
0.596619
0.60158
0.630084
0.631403
0.611556
0.676235
0.615429
0.654791
0.711825
0.635629
0.698764
0.622863
0.633905
0.63659
0.658629
0.556914
0.643885
0.624782
0.583254
0.621872
0.642185
0.572348
0.591938
0.652803
0.592516
0.601358
0.634344
0.592819
0.62128
0.633558
0.608402
0.602951
0.566872
0.582552
0.622265
0.642593
0.599241
0.616961
0.600531
0.60563
0.665559
0.574311
0.66113
0.672691
0.682912
0.620273
0.686905
0.613245
0.563514
0.577298
0.686912
0.640427
0.649677
0.668917
0.661016
0.578739
0.624998
0.640387
0.641103
0.559861
0.582415
0.622625
0.57188
0.636895
0.630398
0.627053
0.59321
0.602151
0.601256
0.625724
0.601258
0.604138
0.631861
0.58885
0.607379
0.613382
0.564313
0.604881
0.648122
0.610309
0.641171
0.623882
0.583365
0.593171
0.625584
0.687701
0.596937
0.625759
0.625766
0.581444
0.594085
0.602476
0.649056
0.559601
0.561206
0.59752
0.554338
0.567982
0.619127
0.639092
0.575547
0.582784
0.566936
0.545243
0.601181
0.583896
0.545702
0.661576
0.612477
0.583932
0.574303
0.615729
0.666361
0.64185
0.573755
0.558416
0.583479
0.571188
0.564646
0.59985
0.593679
0.509273
0.575822
0.596166
0.60797
0.590577
0.562026
0.55084
0.624081
0.579284
0.564478
0.599815
0.614154
0.563498
0.560755
0.56994
0.602774
0.576382
0.559996
0.639899
0.6419
0.570131
0.595365
0.570449
0.562134
0.523213
0.64539
0.576812
0.653667
0.59752
0.647547
0.608854
0.561063
0.583528
0.569187
0.520496
0.543921
0.658499
0.565425
0.576387
0.579613
0.585017
0.588957
0.574995
0.583814
0.604244
0.585402
0.539226
0.572426
0.570931
0.554152
0.54178
0.538723
0.586198
0.518856
0.576097
0.625118
0.577031
0.550438
0.603107
0.630229
0.610109
0.557251
0.587082
0.5949
0.547146
0.53065
0.53119
0.564986
0.519221
0.563598
0.595111
0.561237
0.597664
0.558252
0.585957
0.605829
0.578392
0.592786
0.516173
0.628581
0.615543
0.572823
0.581835
0.63236
0.661298
0.554477
0.579398
0.582959
0.526311
0.575585
0.559989
0.541873
0.596651
0.564856
0.523524
0.536162
0.543109
0.556316
0.55523
0.495804
0.544467
0.563101
0.538752
0.596271
0.562446
0.581074
0.577864
0.588307
0.625074
0.573851
0.525725
0.590733
0.514706
0.518531
0.565741
0.555671
0.553371
0.581401
0.603385
0.569091
0.545472
0.551358
0.619017
0.621782
0.588074
0.606399
0.506361
0.540745
0.58682
0.509411
0.636209
0.563692
0.591245
0.54652
0.586659
0.572438
0.515071
0.510527
0.548385
0.526118
0.668362
0.58738
0.528395
0.540789
0.525877
0.582473
0.561858
0.538067
0.587819
0.57673
0.503238
0.550844
0.50976
0.536911
0.542708
0.588992
0.539752
0.548933
0.555807
0.573708
0.568782
0.583463
0.561928
0.572899
0.564858
0.565709
0.527718
0.559728
0.54819
0.554954
0.512965
0.52618
0.518044
0.579952
0.502586
0.617568
0.590515
0.546107
0.619553
0.52387
0.533474
0.556635
0.556974
0.515933
0.540886
0.563171
0.524799
0.574315
0.532559
0.536073
0.541636
0.564352
0.549976
0.576322
0.556198
0.528253
0.515454
0.568268
0.547026
0.535638
0.503064
0.533085
0.529132
0.567512
0.547971
0.57551
0.609396
0.568063
0.553708
0.484454
0.589445
0.504644
0.525272
0.507947
0.531812
0.595803
0.577675
0.555904
0.563644
0.566947
0.562833
0.53539
0.561367
0.556293
0.582689
0.579467
0.550442
0.546402
0.547381
0.519509
0.537346
0.531871
0.577377
0.545819
0.504486
0.498032
0.487618
0.508332
0.504288
0.534103
0.518494
0.559553
0.572547
0.565686
0.542879
0.576692
0.511743
0.491411
0.585332
0.554151
0.49367
0.523502
0.546348
0.623807
0.496503
0.555269
0.522487
0.557961
0.58252
0.597615
0.509048
0.495009
0.516937
0.549132
0.597421
0.535091
0.488596
0.54056
0.566373
0.490546
0.564784
0.517007
0.56022
0.535193
0.525702
0.496646
0.549766
0.543652
0.549314
0.545268
0.470539
0.502762
0.503816
0.491565
0.511791
0.561005
0.486157
0.557437
0.534365
0.473386
0.495983
0.504859
0.576223
0.530962
0.54549
0.508268
0.562005
0.577425
0.533842
0.541122
0.542606
0.549268
0.50557
0.484478
0.512162
0.57003
0.559779
0.509538
0.507764
0.451345
0.505895
0.509551
0.503465
0.509963
0.531497
0.4958
0.547605
0.524607
0.540756
0.47247
0.514921
0.521978
0.53712
0.519019
0.530582
0.502358
0.469537
0.521592
0.507486
0.511943
0.499205
0.493656
0.493651
0.51553
0.477263
0.483599
0.477284
0.499146
0.520027
0.549214
0.507029
0.533947
0.559304
0.543432
0.595552
0.518738
0.546127
0.454506
0.524876
0.563963
0.456953
0.510023
0.540538
0.501721
0.506859
0.523344
0.545741
0.52517
0.501063
0.506522
0.522759
0.506664
0.460729
0.58263
0.541951
0.498744
0.597886
0.503701
0.51974
0.57338
0.492991
0.551519
0.506222
0.533744
0.524134
0.537327
0.536191
0.515084
0.525571
0.536418
0.481362
0.534932
0.445749
0.495011
0.549087
0.492978
0.539058
0.47652
0.491504
0.530109
0.534999
0.483141
0.504684
0.524116
0.545427
0.45953
0.584633
0.537342
0.510337
0.470075
0.564396
0.472978
0.51139
0.483126
0.576042
0.501165
0.522262
0.505891
0.51796
0.536744
0.564408
0.525932
0.631007
0.538236
0.595501
0.487984
0.48841
0.535282
0.505229
0.521119
0.48545
0.54223
0.472856
0.562373
0.491172
0.507488
0.502157
0.489932
0.454932
0.552385
0.524025
0.464932
0.461958
0.492968
0.50707
0.512593
0.537749
0.556023
0.493877
0.496668
0.514119
0.47128
0.497249
0.486495
0.524693
0.499423
0.46848
0.493718
0.508574
0.459159
0.501724
0.523673
0.501898
0.53059
0.504835
0.465739
0.48083
0.472531
0.510237
0.472823
0.581288
0.657148
0.488023
0.485325
0.526312
0.485385
0.504056
0.487905
0.502433
0.480908
0.455639
0.469064
0.446222
0.445712
0.493944
0.469317
0.443412
0.520861
0.471534
0.481829
0.453818
0.46165
0.515306
0.507654
0.463772
0.471919
0.479434
0.545981
0.508912
0.530528
0.538553
0.476767
0.503209
0.501992
0.549966
0.442368
0.494482
0.520177
0.491966
0.529201
0.483091
0.478803
0.527504
0.481036
0.51705
0.493466
0.487736
0.539515
0.503149
0.526398
0.440877
0.47063
0.476277
0.513317
0.541871
0.508555
0.47565
0.532558
0.484101
0.496943
0.488706
0.464193
0.46033
0.432338
0.4835
0.471982
0.434978
0.460523
0.465907
0.46649
0.454672
0.483311
0.468011
0.540443
0.464065
0.46649
0.517628
0.482446
0.513413
0.447568
0.531365
0.542092
0.501711
0.520382
0.446644
0.466473
0.500182
0.500179
0.467615
0.546292
0.540816
0.524346
0.536577
0.505498
0.480741
0.516809
0.573258
0.466438
0.478015
0.496821
0.483305
0.500818
0.547333
0.519495
0.462436
0.480365
0.547748
0.445583
0.514769
0.479742
0.469148
0.44315
0.483656
0.504685
0.509505
0.443008
0.511671
0.471425
0.452425
0.482951
0.45692
0.472772
0.525209
0.487624
0.453691
0.479943
0.47664
0.44476
0.496962
0.464727
0.452852
0.486482
0.47013
0.522386
0.457481
0.452116
0.546393
0.471939
0.436049
0.456209
0.473781
0.443573
0.437071
0.496106
0.487162
0.518427
0.520168
0.56236
0.486318
0.477804
0.486131
0.473003
0.513769
0.462006
0.472828
0.498662
0.501568
0.472509
0.463417
0.483521
0.406094
0.499803
0.529093
0.467363
0.47465
0.504593
0.492932
0.505558
0.494761
0.522599
0.443675
0.48112
0.494008
0.471731
0.463979
0.506665
0.479844
0.501315
0.480218
0.50671
0.450344
0.509118
0.46236
0.447118
0.465857
0.529669
0.449832
0.472387
0.435782
0.404414
0.462823
0.472339
0.460149
0.460595
0.517746
0.604512
0.486156
0.521774
0.515856
0.478861
0.459698
0.507057
0.516099
0.49361
0.471303
0.442518
0.485438
0.426138
0.431334
0.444238
0.480401
0.428917
0.475339
0.454399
0.471297
0.494342
